ra
ra
ra
ra
ra
ra
ra
ra
ra
ra
pb
pb
ra
ra
pb
ra
ra
ra
ra
ra
ra
ra
ra
pb
ra
ra
ra
ra
ra
ra
pb
ra
ra
ra
pb
pb
pb
ra
ra
ra
pb
ra
ra
ra
pb
ra
pb
ra
pb
ra
pb
ra
ra
pb
rb
ra
ra
ra
ra
ra
ra
ra
pb
ra
ra
ra
ra
pb
rb
ra
ra
ra
ra
ra
pb
rb
ra
pb
ra
ra
ra
pb
rb
pb
ra
pb
pb
ra
pb
ra
pb
rb
ra
ra
ra
ra
pb
rb
pb
ra
pb
rb
ra
pb
rb
pb
rb
ra
pb
rb
ra
pb
rb
ra
ra
ra
pb
ra
ra
ra
ra
pb
ra
pb
rb
ra
ra
ra
ra
pb
ra
ra
ra
ra
pb
ra
ra
pb
pb
pb
rb
ra
ra
pb
ra
pb
ra
ra
pb
ra
pb
pb
rb
ra
pb
rb
pb
rb
pb
pb
ra
ra
pb
rb
ra
ra
ra
ra
pb
ra
ra
pb
ra
ra
pb
rb
pb
rb
pb
rb
pb
rb
pb
pb
rb
ra
pb
ra
pb
ra
ra
ra
ra
pb
ra
pb
ra
ra
pb
ra
pb
rb
ra
ra
pb
rb
ra
pb
pb
rb
pb
rb
pb
pb
ra
pb
pb
rb
ra
pb
rb
ra
pb
ra
pb
rb
ra
pb
pb
rb
pb
pb
pb
rb
pb
pb
pb
rb
pb
rb
pb
rb
pb
pb
pb
pb
pb
rb
pb
rb
pb
rb
pb
rb
pb
rb
pb
pb
rb
pb
rb
pb
rb
pb
pb
rb
pb
rb
0 	 98
0 	 97
0 	 95
0 	 100
0 	 99
0 	 96
0 	 84
0 	 91
0 	 82
0 	 79
0 	 81
0 	 80
0 	 70
0 	 74
0 	 71
0 	 76
0 	 65
0 	 63
0 	 73
0 	 66
0 	 58
0 	 62
0 	 64
0 	 55
0 	 53
0 	 47
0 	 57
0 	 51
0 	 52
0 	 54
0 	 44
0 	 39
0 	 37
0 	 46
0 	 36
0 	 38
0 	 40
0 	 34
0 	 27
0 	 26
0 	 30
0 	 28
0 	 20
0 	 17
0 	 25
0 	 12
0 	 15
0 	 10
0 	 22
0 	 18
0 	 14
0 	 19
0 	 9
0 	 6
0 	 13
0 	 2
0 	 5
0 	 7
0 	 8
0 	 3
0 	 1
0 	 23
0 	 11
0 	 24
0 	 29
0 	 16
0 	 31
0 	 21
0 	 33
0 	 32
0 	 35
0 	 45
0 	 43
0 	 42
0 	 49
0 	 48
0 	 41
0 	 50
0 	 61
0 	 59
0 	 56
0 	 69
0 	 60
0 	 72
0 	 67
0 	 75
0 	 68
0 	 77
0 	 83
0 	 87
0 	 78
0 	 88
0 	 85
0 	 89
0 	 94
0 	 86
0 	 93
0 	 90
0 	 92
0 	 4
b[len]->4
max -> 100 	 ind-> 3
rb
b[len]->4
rb
b[len]->4
rb
b[len]->4
0 	 100
0 	 99
0 	 96
0 	 84
0 	 91
0 	 82
0 	 79
0 	 81
0 	 80
0 	 70
0 	 74
0 	 71
0 	 76
0 	 65
0 	 63
0 	 73
0 	 66
0 	 58
0 	 62
0 	 64
0 	 55
0 	 53
0 	 47
0 	 57
0 	 51
0 	 52
0 	 54
0 	 44
0 	 39
0 	 37
0 	 46
0 	 36
0 	 38
0 	 40
0 	 34
0 	 27
0 	 26
0 	 30
0 	 28
0 	 20
0 	 17
0 	 25
0 	 12
0 	 15
0 	 10
0 	 22
0 	 18
0 	 14
0 	 19
0 	 9
0 	 6
0 	 13
0 	 2
0 	 5
0 	 7
0 	 8
0 	 3
0 	 1
0 	 23
0 	 11
0 	 24
0 	 29
0 	 16
0 	 31
0 	 21
0 	 33
0 	 32
0 	 35
0 	 45
0 	 43
0 	 42
0 	 49
0 	 48
0 	 41
0 	 50
0 	 61
0 	 59
0 	 56
0 	 69
0 	 60
0 	 72
0 	 67
0 	 75
0 	 68
0 	 77
0 	 83
0 	 87
0 	 78
0 	 88
0 	 85
0 	 89
0 	 94
0 	 86
0 	 93
0 	 90
0 	 92
0 	 98
0 	 97
0 	 95
0 	 4
{{{{{{{{{{{{{{{{{{}}}}}}}}}}}}}}}}}}}}}}}{{{{{{{{{{{}}}}}}}}}}}
pa
b[len]->4
max -> 99 	 ind-> 0
100 	 99
0 	 96
0 	 84
0 	 91
0 	 82
0 	 79
0 	 81
0 	 80
0 	 70
0 	 74
0 	 71
0 	 76
0 	 65
0 	 63
0 	 73
0 	 66
0 	 58
0 	 62
0 	 64
0 	 55
0 	 53
0 	 47
0 	 57
0 	 51
0 	 52
0 	 54
0 	 44
0 	 39
0 	 37
0 	 46
0 	 36
0 	 38
0 	 40
0 	 34
0 	 27
0 	 26
0 	 30
0 	 28
0 	 20
0 	 17
0 	 25
0 	 12
0 	 15
0 	 10
0 	 22
0 	 18
0 	 14
0 	 19
0 	 9
0 	 6
0 	 13
0 	 2
0 	 5
0 	 7
0 	 8
0 	 3
0 	 1
0 	 23
0 	 11
0 	 24
0 	 29
0 	 16
0 	 31
0 	 21
0 	 33
0 	 32
0 	 35
0 	 45
0 	 43
0 	 42
0 	 49
0 	 48
0 	 41
0 	 50
0 	 61
0 	 59
0 	 56
0 	 69
0 	 60
0 	 72
0 	 67
0 	 75
0 	 68
0 	 77
0 	 83
0 	 87
0 	 78
0 	 88
0 	 85
0 	 89
0 	 94
0 	 86
0 	 93
0 	 90
0 	 92
0 	 98
0 	 97
0 	 95
0 	 4
0 	 0
{{{{{{{{{{{{{{{{{{}}}}}}}}}}}}}}}}}}}}}}}{{{{{{{{{{{}}}}}}}}}}}
pa
b[len]->4
max -> 98 	 ind-> 94
rrb
b[len]->95
rrb
b[len]->97
rrb
b[len]->98
99 	 98
100 	 97
0 	 95
0 	 96
0 	 84
0 	 91
0 	 82
0 	 79
0 	 81
0 	 80
0 	 70
0 	 74
0 	 71
0 	 76
0 	 65
0 	 63
0 	 73
0 	 66
0 	 58
0 	 62
0 	 64
0 	 55
0 	 53
0 	 47
0 	 57
0 	 51
0 	 52
0 	 54
0 	 44
0 	 39
0 	 37
0 	 46
0 	 36
0 	 38
0 	 40
0 	 34
0 	 27
0 	 26
0 	 30
0 	 28
0 	 20
0 	 17
0 	 25
0 	 12
0 	 15
0 	 10
0 	 22
0 	 18
0 	 14
0 	 19
0 	 9
0 	 6
0 	 13
0 	 2
0 	 5
0 	 7
0 	 8
0 	 3
0 	 1
0 	 23
0 	 11
0 	 24
0 	 29
0 	 16
0 	 31
0 	 21
0 	 33
0 	 32
0 	 35
0 	 45
0 	 43
0 	 42
0 	 49
0 	 48
0 	 41
0 	 50
0 	 61
0 	 59
0 	 56
0 	 69
0 	 60
0 	 72
0 	 67
0 	 75
0 	 68
0 	 77
0 	 83
0 	 87
0 	 78
0 	 88
0 	 85
0 	 89
0 	 94
0 	 86
0 	 93
0 	 90
0 	 92
0 	 98
0 	 0
0 	 0
{{{{{{{{{{{{{{{{{{}}}}}}}}}}}}}}}}}}}}}}}{{{{{{{{{{{}}}}}}}}}}}
pa
b[len]->98
max -> 97 	 ind-> 0
98 	 97
99 	 95
100 	 96
0 	 84
0 	 91
0 	 82
0 	 79
0 	 81
0 	 80
0 	 70
0 	 74
0 	 71
0 	 76
0 	 65
0 	 63
0 	 73
0 	 66
0 	 58
0 	 62
0 	 64
0 	 55
0 	 53
0 	 47
0 	 57
0 	 51
0 	 52
0 	 54
0 	 44
0 	 39
0 	 37
0 	 46
0 	 36
0 	 38
0 	 40
0 	 34
0 	 27
0 	 26
0 	 30
0 	 28
0 	 20
0 	 17
0 	 25
0 	 12
0 	 15
0 	 10
0 	 22
0 	 18
0 	 14
0 	 19
0 	 9
0 	 6
0 	 13
0 	 2
0 	 5
0 	 7
0 	 8
0 	 3
0 	 1
0 	 23
0 	 11
0 	 24
0 	 29
0 	 16
0 	 31
0 	 21
0 	 33
0 	 32
0 	 35
0 	 45
0 	 43
0 	 42
0 	 49
0 	 48
0 	 41
0 	 50
0 	 61
0 	 59
0 	 56
0 	 69
0 	 60
0 	 72
0 	 67
0 	 75
0 	 68
0 	 77
0 	 83
0 	 87
0 	 78
0 	 88
0 	 85
0 	 89
0 	 94
0 	 86
0 	 93
0 	 90
0 	 92
0 	 98
0 	 0
0 	 0
0 	 0
{{{{{{{{{{{{{{{{{{}}}}}}}}}}}}}}}}}}}}}}}{{{{{{{{{{{}}}}}}}}}}}
pa
b[len]->98
max -> 96 	 ind-> 1
rb
b[len]->98
97 	 96
98 	 84
99 	 91
100 	 82
0 	 79
0 	 81
0 	 80
0 	 70
0 	 74
0 	 71
0 	 76
0 	 65
0 	 63
0 	 73
0 	 66
0 	 58
0 	 62
0 	 64
0 	 55
0 	 53
0 	 47
0 	 57
0 	 51
0 	 52
0 	 54
0 	 44
0 	 39
0 	 37
0 	 46
0 	 36
0 	 38
0 	 40
0 	 34
0 	 27
0 	 26
0 	 30
0 	 28
0 	 20
0 	 17
0 	 25
0 	 12
0 	 15
0 	 10
0 	 22
0 	 18
0 	 14
0 	 19
0 	 9
0 	 6
0 	 13
0 	 2
0 	 5
0 	 7
0 	 8
0 	 3
0 	 1
0 	 23
0 	 11
0 	 24
0 	 29
0 	 16
0 	 31
0 	 21
0 	 33
0 	 32
0 	 35
0 	 45
0 	 43
0 	 42
0 	 49
0 	 48
0 	 41
0 	 50
0 	 61
0 	 59
0 	 56
0 	 69
0 	 60
0 	 72
0 	 67
0 	 75
0 	 68
0 	 77
0 	 83
0 	 87
0 	 78
0 	 88
0 	 85
0 	 89
0 	 94
0 	 86
0 	 93
0 	 90
0 	 92
0 	 95
0 	 98
0 	 0
0 	 0
0 	 0
0 	 0
{{{{{{{{{{{{{{{{{{}}}}}}}}}}}}}}}}}}}}}}}{{{{{{{{{{{}}}}}}}}}}}
pa
b[len]->98
max -> 95 	 ind-> 93
rrb
b[len]->95
96 	 95
97 	 84
98 	 91
99 	 82
100 	 79
0 	 81
0 	 80
0 	 70
0 	 74
0 	 71
0 	 76
0 	 65
0 	 63
0 	 73
0 	 66
0 	 58
0 	 62
0 	 64
0 	 55
0 	 53
0 	 47
0 	 57
0 	 51
0 	 52
0 	 54
0 	 44
0 	 39
0 	 37
0 	 46
0 	 36
0 	 38
0 	 40
0 	 34
0 	 27
0 	 26
0 	 30
0 	 28
0 	 20
0 	 17
0 	 25
0 	 12
0 	 15
0 	 10
0 	 22
0 	 18
0 	 14
0 	 19
0 	 9
0 	 6
0 	 13
0 	 2
0 	 5
0 	 7
0 	 8
0 	 3
0 	 1
0 	 23
0 	 11
0 	 24
0 	 29
0 	 16
0 	 31
0 	 21
0 	 33
0 	 32
0 	 35
0 	 45
0 	 43
0 	 42
0 	 49
0 	 48
0 	 41
0 	 50
0 	 61
0 	 59
0 	 56
0 	 69
0 	 60
0 	 72
0 	 67
0 	 75
0 	 68
0 	 77
0 	 83
0 	 87
0 	 78
0 	 88
0 	 85
0 	 89
0 	 94
0 	 86
0 	 93
0 	 90
0 	 92
0 	 95
0 	 0
0 	 0
0 	 0
0 	 0
0 	 0
{{{{{{{{{{{{{{{{{{}}}}}}}}}}}}}}}}}}}}}}}{{{{{{{{{{{}}}}}}}}}}}
pa
b[len]->95
max -> 94 	 ind-> 88
rrb
b[len]->92
rrb
b[len]->90
rrb
b[len]->93
rrb
b[len]->86
rrb
b[len]->94
95 	 94
96 	 86
97 	 93
98 	 90
99 	 92
100 	 84
0 	 91
0 	 82
0 	 79
0 	 81
0 	 80
0 	 70
0 	 74
0 	 71
0 	 76
0 	 65
0 	 63
0 	 73
0 	 66
0 	 58
0 	 62
0 	 64
0 	 55
0 	 53
0 	 47
0 	 57
0 	 51
0 	 52
0 	 54
0 	 44
0 	 39
0 	 37
0 	 46
0 	 36
0 	 38
0 	 40
0 	 34
0 	 27
0 	 26
0 	 30
0 	 28
0 	 20
0 	 17
0 	 25
0 	 12
0 	 15
0 	 10
0 	 22
0 	 18
0 	 14
0 	 19
0 	 9
0 	 6
0 	 13
0 	 2
0 	 5
0 	 7
0 	 8
0 	 3
0 	 1
0 	 23
0 	 11
0 	 24
0 	 29
0 	 16
0 	 31
0 	 21
0 	 33
0 	 32
0 	 35
0 	 45
0 	 43
0 	 42
0 	 49
0 	 48
0 	 41
0 	 50
0 	 61
0 	 59
0 	 56
0 	 69
0 	 60
0 	 72
0 	 67
0 	 75
0 	 68
0 	 77
0 	 83
0 	 87
0 	 78
0 	 88
0 	 85
0 	 89
0 	 94
0 	 0
0 	 0
0 	 0
0 	 0
0 	 0
0 	 0
{{{{{{{{{{{{{{{{{{}}}}}}}}}}}}}}}}}}}}}}}{{{{{{{{{{{}}}}}}}}}}}
pa
b[len]->94
max -> 93 	 ind-> 1
rb
b[len]->94
94 	 93
95 	 90
96 	 92
97 	 84
98 	 91
99 	 82
100 	 79
0 	 81
0 	 80
0 	 70
0 	 74
0 	 71
0 	 76
0 	 65
0 	 63
0 	 73
0 	 66
0 	 58
0 	 62
0 	 64
0 	 55
0 	 53
0 	 47
0 	 57
0 	 51
0 	 52
0 	 54
0 	 44
0 	 39
0 	 37
0 	 46
0 	 36
0 	 38
0 	 40
0 	 34
0 	 27
0 	 26
0 	 30
0 	 28
0 	 20
0 	 17
0 	 25
0 	 12
0 	 15
0 	 10
0 	 22
0 	 18
0 	 14
0 	 19
0 	 9
0 	 6
0 	 13
0 	 2
0 	 5
0 	 7
0 	 8
0 	 3
0 	 1
0 	 23
0 	 11
0 	 24
0 	 29
0 	 16
0 	 31
0 	 21
0 	 33
0 	 32
0 	 35
0 	 45
0 	 43
0 	 42
0 	 49
0 	 48
0 	 41
0 	 50
0 	 61
0 	 59
0 	 56
0 	 69
0 	 60
0 	 72
0 	 67
0 	 75
0 	 68
0 	 77
0 	 83
0 	 87
0 	 78
0 	 88
0 	 85
0 	 89
0 	 86
0 	 94
0 	 0
0 	 0
0 	 0
0 	 0
0 	 0
0 	 0
0 	 0
{{{{{{{{{{{{{{{{{{}}}}}}}}}}}}}}}}}}}}}}}{{{{{{{{{{{}}}}}}}}}}}
pa
b[len]->94
max -> 92 	 ind-> 1
rb
b[len]->94
93 	 92
94 	 84
95 	 91
96 	 82
97 	 79
98 	 81
99 	 80
100 	 70
0 	 74
0 	 71
0 	 76
0 	 65
0 	 63
0 	 73
0 	 66
0 	 58
0 	 62
0 	 64
0 	 55
0 	 53
0 	 47
0 	 57
0 	 51
0 	 52
0 	 54
0 	 44
0 	 39
0 	 37
0 	 46
0 	 36
0 	 38
0 	 40
0 	 34
0 	 27
0 	 26
0 	 30
0 	 28
0 	 20
0 	 17
0 	 25
0 	 12
0 	 15
0 	 10
0 	 22
0 	 18
0 	 14
0 	 19
0 	 9
0 	 6
0 	 13
0 	 2
0 	 5
0 	 7
0 	 8
0 	 3
0 	 1
0 	 23
0 	 11
0 	 24
0 	 29
0 	 16
0 	 31
0 	 21
0 	 33
0 	 32
0 	 35
0 	 45
0 	 43
0 	 42
0 	 49
0 	 48
0 	 41
0 	 50
0 	 61
0 	 59
0 	 56
0 	 69
0 	 60
0 	 72
0 	 67
0 	 75
0 	 68
0 	 77
0 	 83
0 	 87
0 	 78
0 	 88
0 	 85
0 	 89
0 	 86
0 	 90
0 	 94
0 	 0
0 	 0
0 	 0
0 	 0
0 	 0
0 	 0
0 	 0
0 	 0
{{{{{{{{{{{{{{{{{{}}}}}}}}}}}}}}}}}}}}}}}{{{{{{{{{{{}}}}}}}}}}}
pa
b[len]->94
max -> 91 	 ind-> 1
rb
b[len]->94
92 	 91
93 	 82
94 	 79
95 	 81
96 	 80
97 	 70
98 	 74
99 	 71
100 	 76
0 	 65
0 	 63
0 	 73
0 	 66
0 	 58
0 	 62
0 	 64
0 	 55
0 	 53
0 	 47
0 	 57
0 	 51
0 	 52
0 	 54
0 	 44
0 	 39
0 	 37
0 	 46
0 	 36
0 	 38
0 	 40
0 	 34
0 	 27
0 	 26
0 	 30
0 	 28
0 	 20
0 	 17
0 	 25
0 	 12
0 	 15
0 	 10
0 	 22
0 	 18
0 	 14
0 	 19
0 	 9
0 	 6
0 	 13
0 	 2
0 	 5
0 	 7
0 	 8
0 	 3
0 	 1
0 	 23
0 	 11
0 	 24
0 	 29
0 	 16
0 	 31
0 	 21
0 	 33
0 	 32
0 	 35
0 	 45
0 	 43
0 	 42
0 	 49
0 	 48
0 	 41
0 	 50
0 	 61
0 	 59
0 	 56
0 	 69
0 	 60
0 	 72
0 	 67
0 	 75
0 	 68
0 	 77
0 	 83
0 	 87
0 	 78
0 	 88
0 	 85
0 	 89
0 	 86
0 	 90
0 	 84
0 	 94
0 	 0
0 	 0
0 	 0
0 	 0
0 	 0
0 	 0
0 	 0
0 	 0
0 	 0
{{{{{{{{{{{{{{{{{{}}}}}}}}}}}}}}}}}}}}}}}{{{{{{{{{{{}}}}}}}}}}}
pa
b[len]->94
max -> 90 	 ind-> 87
rrb
b[len]->84
rrb
b[len]->90
91 	 90
92 	 84
93 	 82
94 	 79
95 	 81
96 	 80
97 	 70
98 	 74
99 	 71
100 	 76
0 	 65
0 	 63
0 	 73
0 	 66
0 	 58
0 	 62
0 	 64
0 	 55
0 	 53
0 	 47
0 	 57
0 	 51
0 	 52
0 	 54
0 	 44
0 	 39
0 	 37
0 	 46
0 	 36
0 	 38
0 	 40
0 	 34
0 	 27
0 	 26
0 	 30
0 	 28
0 	 20
0 	 17
0 	 25
0 	 12
0 	 15
0 	 10
0 	 22
0 	 18
0 	 14
0 	 19
0 	 9
0 	 6
0 	 13
0 	 2
0 	 5
0 	 7
0 	 8
0 	 3
0 	 1
0 	 23
0 	 11
0 	 24
0 	 29
0 	 16
0 	 31
0 	 21
0 	 33
0 	 32
0 	 35
0 	 45
0 	 43
0 	 42
0 	 49
0 	 48
0 	 41
0 	 50
0 	 61
0 	 59
0 	 56
0 	 69
0 	 60
0 	 72
0 	 67
0 	 75
0 	 68
0 	 77
0 	 83
0 	 87
0 	 78
0 	 88
0 	 85
0 	 89
0 	 86
0 	 90
0 	 0
0 	 0
0 	 0
0 	 0
0 	 0
0 	 0
0 	 0
0 	 0
0 	 0
0 	 0
{{{{{{{{{{{{{{{{{{}}}}}}}}}}}}}}}}}}}}}}}{{{{{{{{{{{}}}}}}}}}}}
pa
b[len]->90
max -> 89 	 ind-> 86
rrb
b[len]->86
rrb
b[len]->89
90 	 89
91 	 86
92 	 84
93 	 82
94 	 79
95 	 81
96 	 80
97 	 70
98 	 74
99 	 71
100 	 76
0 	 65
0 	 63
0 	 73
0 	 66
0 	 58
0 	 62
0 	 64
0 	 55
0 	 53
0 	 47
0 	 57
0 	 51
0 	 52
0 	 54
0 	 44
0 	 39
0 	 37
0 	 46
0 	 36
0 	 38
0 	 40
0 	 34
0 	 27
0 	 26
0 	 30
0 	 28
0 	 20
0 	 17
0 	 25
0 	 12
0 	 15
0 	 10
0 	 22
0 	 18
0 	 14
0 	 19
0 	 9
0 	 6
0 	 13
0 	 2
0 	 5
0 	 7
0 	 8
0 	 3
0 	 1
0 	 23
0 	 11
0 	 24
0 	 29
0 	 16
0 	 31
0 	 21
0 	 33
0 	 32
0 	 35
0 	 45
0 	 43
0 	 42
0 	 49
0 	 48
0 	 41
0 	 50
0 	 61
0 	 59
0 	 56
0 	 69
0 	 60
0 	 72
0 	 67
0 	 75
0 	 68
0 	 77
0 	 83
0 	 87
0 	 78
0 	 88
0 	 85
0 	 89
0 	 0
0 	 0
0 	 0
0 	 0
0 	 0
0 	 0
0 	 0
0 	 0
0 	 0
0 	 0
0 	 0
{{{{{{{{{{{{{{{{{{}}}}}}}}}}}}}}}}}}}}}}}{{{{{{{{{{{}}}}}}}}}}}
pa
b[len]->89
max -> 88 	 ind-> 85
rrb
b[len]->85
rrb
b[len]->88
89 	 88
90 	 85
91 	 86
92 	 84
93 	 82
94 	 79
95 	 81
96 	 80
97 	 70
98 	 74
99 	 71
100 	 76
0 	 65
0 	 63
0 	 73
0 	 66
0 	 58
0 	 62
0 	 64
0 	 55
0 	 53
0 	 47
0 	 57
0 	 51
0 	 52
0 	 54
0 	 44
0 	 39
0 	 37
0 	 46
0 	 36
0 	 38
0 	 40
0 	 34
0 	 27
0 	 26
0 	 30
0 	 28
0 	 20
0 	 17
0 	 25
0 	 12
0 	 15
0 	 10
0 	 22
0 	 18
0 	 14
0 	 19
0 	 9
0 	 6
0 	 13
0 	 2
0 	 5
0 	 7
0 	 8
0 	 3
0 	 1
0 	 23
0 	 11
0 	 24
0 	 29
0 	 16
0 	 31
0 	 21
0 	 33
0 	 32
0 	 35
0 	 45
0 	 43
0 	 42
0 	 49
0 	 48
0 	 41
0 	 50
0 	 61
0 	 59
0 	 56
0 	 69
0 	 60
0 	 72
0 	 67
0 	 75
0 	 68
0 	 77
0 	 83
0 	 87
0 	 78
0 	 88
0 	 0
0 	 0
0 	 0
0 	 0
0 	 0
0 	 0
0 	 0
0 	 0
0 	 0
0 	 0
0 	 0
0 	 0
{{{{{{{{{{{{{{{{{{}}}}}}}}}}}}}}}}}}}}}}}{{{{{{{{{{{}}}}}}}}}}}
pa
b[len]->88
max -> 87 	 ind-> 84
rrb
b[len]->78
rrb
b[len]->87
88 	 87
89 	 78
90 	 85
91 	 86
92 	 84
93 	 82
94 	 79
95 	 81
96 	 80
97 	 70
98 	 74
99 	 71
100 	 76
0 	 65
0 	 63
0 	 73
0 	 66
0 	 58
0 	 62
0 	 64
0 	 55
0 	 53
0 	 47
0 	 57
0 	 51
0 	 52
0 	 54
0 	 44
0 	 39
0 	 37
0 	 46
0 	 36
0 	 38
0 	 40
0 	 34
0 	 27
0 	 26
0 	 30
0 	 28
0 	 20
0 	 17
0 	 25
0 	 12
0 	 15
0 	 10
0 	 22
0 	 18
0 	 14
0 	 19
0 	 9
0 	 6
0 	 13
0 	 2
0 	 5
0 	 7
0 	 8
0 	 3
0 	 1
0 	 23
0 	 11
0 	 24
0 	 29
0 	 16
0 	 31
0 	 21
0 	 33
0 	 32
0 	 35
0 	 45
0 	 43
0 	 42
0 	 49
0 	 48
0 	 41
0 	 50
0 	 61
0 	 59
0 	 56
0 	 69
0 	 60
0 	 72
0 	 67
0 	 75
0 	 68
0 	 77
0 	 83
0 	 87
0 	 0
0 	 0
0 	 0
0 	 0
0 	 0
0 	 0
0 	 0
0 	 0
0 	 0
0 	 0
0 	 0
0 	 0
0 	 0
{{{{{{{{{{{{{{{{{{}}}}}}}}}}}}}}}}}}}}}}}{{{{{{{{{{{}}}}}}}}}}}
pa
b[len]->87
max -> 86 	 ind-> 2
rb
b[len]->87
rb
b[len]->87
87 	 86
88 	 84
89 	 82
90 	 79
91 	 81
92 	 80
93 	 70
94 	 74
95 	 71
96 	 76
97 	 65
98 	 63
99 	 73
100 	 66
0 	 58
0 	 62
0 	 64
0 	 55
0 	 53
0 	 47
0 	 57
0 	 51
0 	 52
0 	 54
0 	 44
0 	 39
0 	 37
0 	 46
0 	 36
0 	 38
0 	 40
0 	 34
0 	 27
0 	 26
0 	 30
0 	 28
0 	 20
0 	 17
0 	 25
0 	 12
0 	 15
0 	 10
0 	 22
0 	 18
0 	 14
0 	 19
0 	 9
0 	 6
0 	 13
0 	 2
0 	 5
0 	 7
0 	 8
0 	 3
0 	 1
0 	 23
0 	 11
0 	 24
0 	 29
0 	 16
0 	 31
0 	 21
0 	 33
0 	 32
0 	 35
0 	 45
0 	 43
0 	 42
0 	 49
0 	 48
0 	 41
0 	 50
0 	 61
0 	 59
0 	 56
0 	 69
0 	 60
0 	 72
0 	 67
0 	 75
0 	 68
0 	 77
0 	 83
0 	 78
0 	 85
0 	 87
0 	 0
0 	 0
0 	 0
0 	 0
0 	 0
0 	 0
0 	 0
0 	 0
0 	 0
0 	 0
0 	 0
0 	 0
0 	 0
0 	 0
{{{{{{{{{{{{{{{{{{}}}}}}}}}}}}}}}}}}}}}}}{{{{{{{{{{{}}}}}}}}}}}
pa
b[len]->87
max -> 85 	 ind-> 83
rrb
b[len]->85
86 	 85
87 	 84
88 	 82
89 	 79
90 	 81
91 	 80
92 	 70
93 	 74
94 	 71
95 	 76
96 	 65
97 	 63
98 	 73
99 	 66
100 	 58
0 	 62
0 	 64
0 	 55
0 	 53
0 	 47
0 	 57
0 	 51
0 	 52
0 	 54
0 	 44
0 	 39
0 	 37
0 	 46
0 	 36
0 	 38
0 	 40
0 	 34
0 	 27
0 	 26
0 	 30
0 	 28
0 	 20
0 	 17
0 	 25
0 	 12
0 	 15
0 	 10
0 	 22
0 	 18
0 	 14
0 	 19
0 	 9
0 	 6
0 	 13
0 	 2
0 	 5
0 	 7
0 	 8
0 	 3
0 	 1
0 	 23
0 	 11
0 	 24
0 	 29
0 	 16
0 	 31
0 	 21
0 	 33
0 	 32
0 	 35
0 	 45
0 	 43
0 	 42
0 	 49
0 	 48
0 	 41
0 	 50
0 	 61
0 	 59
0 	 56
0 	 69
0 	 60
0 	 72
0 	 67
0 	 75
0 	 68
0 	 77
0 	 83
0 	 78
0 	 85
0 	 0
0 	 0
0 	 0
0 	 0
0 	 0
0 	 0
0 	 0
0 	 0
0 	 0
0 	 0
0 	 0
0 	 0
0 	 0
0 	 0
0 	 0
{{{{{{{{{{{{{{{{{{}}}}}}}}}}}}}}}}}}}}}}}{{{{{{{{{{{}}}}}}}}}}}
pa
b[len]->85
max -> 84 	 ind-> 0
85 	 84
86 	 82
87 	 79
88 	 81
89 	 80
90 	 70
91 	 74
92 	 71
93 	 76
94 	 65
95 	 63
96 	 73
97 	 66
98 	 58
99 	 62
100 	 64
0 	 55
0 	 53
0 	 47
0 	 57
0 	 51
0 	 52
0 	 54
0 	 44
0 	 39
0 	 37
0 	 46
0 	 36
0 	 38
0 	 40
0 	 34
0 	 27
0 	 26
0 	 30
0 	 28
0 	 20
0 	 17
0 	 25
0 	 12
0 	 15
0 	 10
0 	 22
0 	 18
0 	 14
0 	 19
0 	 9
0 	 6
0 	 13
0 	 2
0 	 5
0 	 7
0 	 8
0 	 3
0 	 1
0 	 23
0 	 11
0 	 24
0 	 29
0 	 16
0 	 31
0 	 21
0 	 33
0 	 32
0 	 35
0 	 45
0 	 43
0 	 42
0 	 49
0 	 48
0 	 41
0 	 50
0 	 61
0 	 59
0 	 56
0 	 69
0 	 60
0 	 72
0 	 67
0 	 75
0 	 68
0 	 77
0 	 83
0 	 78
0 	 85
0 	 0
0 	 0
0 	 0
0 	 0
0 	 0
0 	 0
0 	 0
0 	 0
0 	 0
0 	 0
0 	 0
0 	 0
0 	 0
0 	 0
0 	 0
0 	 0
{{{{{{{{{{{{{{{{{{}}}}}}}}}}}}}}}}}}}}}}}{{{{{{{{{{{}}}}}}}}}}}
pa
b[len]->85
max -> 83 	 ind-> 80
rrb
b[len]->78
rrb
b[len]->83
84 	 83
85 	 78
86 	 82
87 	 79
88 	 81
89 	 80
90 	 70
91 	 74
92 	 71
93 	 76
94 	 65
95 	 63
96 	 73
97 	 66
98 	 58
99 	 62
100 	 64
0 	 55
0 	 53
0 	 47
0 	 57
0 	 51
0 	 52
0 	 54
0 	 44
0 	 39
0 	 37
0 	 46
0 	 36
0 	 38
0 	 40
0 	 34
0 	 27
0 	 26
0 	 30
0 	 28
0 	 20
0 	 17
0 	 25
0 	 12
0 	 15
0 	 10
0 	 22
0 	 18
0 	 14
0 	 19
0 	 9
0 	 6
0 	 13
0 	 2
0 	 5
0 	 7
0 	 8
0 	 3
0 	 1
0 	 23
0 	 11
0 	 24
0 	 29
0 	 16
0 	 31
0 	 21
0 	 33
0 	 32
0 	 35
0 	 45
0 	 43
0 	 42
0 	 49
0 	 48
0 	 41
0 	 50
0 	 61
0 	 59
0 	 56
0 	 69
0 	 60
0 	 72
0 	 67
0 	 75
0 	 68
0 	 77
0 	 83
0 	 0
0 	 0
0 	 0
0 	 0
0 	 0
0 	 0
0 	 0
0 	 0
0 	 0
0 	 0
0 	 0
0 	 0
0 	 0
0 	 0
0 	 0
0 	 0
0 	 0
{{{{{{{{{{{{{{{{{{}}}}}}}}}}}}}}}}}}}}}}}{{{{{{{{{{{}}}}}}}}}}}
pa
b[len]->83
max -> 82 	 ind-> 1
rb
b[len]->83
83 	 82
84 	 79
85 	 81
86 	 80
87 	 70
88 	 74
89 	 71
90 	 76
91 	 65
92 	 63
93 	 73
94 	 66
95 	 58
96 	 62
97 	 64
98 	 55
99 	 53
100 	 47
0 	 57
0 	 51
0 	 52
0 	 54
0 	 44
0 	 39
0 	 37
0 	 46
0 	 36
0 	 38
0 	 40
0 	 34
0 	 27
0 	 26
0 	 30
0 	 28
0 	 20
0 	 17
0 	 25
0 	 12
0 	 15
0 	 10
0 	 22
0 	 18
0 	 14
0 	 19
0 	 9
0 	 6
0 	 13
0 	 2
0 	 5
0 	 7
0 	 8
0 	 3
0 	 1
0 	 23
0 	 11
0 	 24
0 	 29
0 	 16
0 	 31
0 	 21
0 	 33
0 	 32
0 	 35
0 	 45
0 	 43
0 	 42
0 	 49
0 	 48
0 	 41
0 	 50
0 	 61
0 	 59
0 	 56
0 	 69
0 	 60
0 	 72
0 	 67
0 	 75
0 	 68
0 	 77
0 	 78
0 	 83
0 	 0
0 	 0
0 	 0
0 	 0
0 	 0
0 	 0
0 	 0
0 	 0
0 	 0
0 	 0
0 	 0
0 	 0
0 	 0
0 	 0
0 	 0
0 	 0
0 	 0
0 	 0
{{{{{{{{{{{{{{{{{{}}}}}}}}}}}}}}}}}}}}}}}{{{{{{{{{{{}}}}}}}}}}}
pa
b[len]->83
max -> 81 	 ind-> 1
rb
b[len]->83
82 	 81
83 	 80
84 	 70
85 	 74
86 	 71
87 	 76
88 	 65
89 	 63
90 	 73
91 	 66
92 	 58
93 	 62
94 	 64
95 	 55
96 	 53
97 	 47
98 	 57
99 	 51
100 	 52
0 	 54
0 	 44
0 	 39
0 	 37
0 	 46
0 	 36
0 	 38
0 	 40
0 	 34
0 	 27
0 	 26
0 	 30
0 	 28
0 	 20
0 	 17
0 	 25
0 	 12
0 	 15
0 	 10
0 	 22
0 	 18
0 	 14
0 	 19
0 	 9
0 	 6
0 	 13
0 	 2
0 	 5
0 	 7
0 	 8
0 	 3
0 	 1
0 	 23
0 	 11
0 	 24
0 	 29
0 	 16
0 	 31
0 	 21
0 	 33
0 	 32
0 	 35
0 	 45
0 	 43
0 	 42
0 	 49
0 	 48
0 	 41
0 	 50
0 	 61
0 	 59
0 	 56
0 	 69
0 	 60
0 	 72
0 	 67
0 	 75
0 	 68
0 	 77
0 	 78
0 	 79
0 	 83
0 	 0
0 	 0
0 	 0
0 	 0
0 	 0
0 	 0
0 	 0
0 	 0
0 	 0
0 	 0
0 	 0
0 	 0
0 	 0
0 	 0
0 	 0
0 	 0
0 	 0
0 	 0
0 	 0
{{{{{{{{{{{{{{{{{{}}}}}}}}}}}}}}}}}}}}}}}{{{{{{{{{{{}}}}}}}}}}}
pa
b[len]->83
max -> 80 	 ind-> 0
81 	 80
82 	 70
83 	 74
84 	 71
85 	 76
86 	 65
87 	 63
88 	 73
89 	 66
90 	 58
91 	 62
92 	 64
93 	 55
94 	 53
95 	 47
96 	 57
97 	 51
98 	 52
99 	 54
100 	 44
0 	 39
0 	 37
0 	 46
0 	 36
0 	 38
0 	 40
0 	 34
0 	 27
0 	 26
0 	 30
0 	 28
0 	 20
0 	 17
0 	 25
0 	 12
0 	 15
0 	 10
0 	 22
0 	 18
0 	 14
0 	 19
0 	 9
0 	 6
0 	 13
0 	 2
0 	 5
0 	 7
0 	 8
0 	 3
0 	 1
0 	 23
0 	 11
0 	 24
0 	 29
0 	 16
0 	 31
0 	 21
0 	 33
0 	 32
0 	 35
0 	 45
0 	 43
0 	 42
0 	 49
0 	 48
0 	 41
0 	 50
0 	 61
0 	 59
0 	 56
0 	 69
0 	 60
0 	 72
0 	 67
0 	 75
0 	 68
0 	 77
0 	 78
0 	 79
0 	 83
0 	 0
0 	 0
0 	 0
0 	 0
0 	 0
0 	 0
0 	 0
0 	 0
0 	 0
0 	 0
0 	 0
0 	 0
0 	 0
0 	 0
0 	 0
0 	 0
0 	 0
0 	 0
0 	 0
0 	 0
{{{{{{{{{{{{{{{{{{}}}}}}}}}}}}}}}}}}}}}}}{{{{{{{{{{{}}}}}}}}}}}
pa
b[len]->83
max -> 79 	 ind-> 77
rrb
b[len]->79
80 	 79
81 	 70
82 	 74
83 	 71
84 	 76
85 	 65
86 	 63
87 	 73
88 	 66
89 	 58
90 	 62
91 	 64
92 	 55
93 	 53
94 	 47
95 	 57
96 	 51
97 	 52
98 	 54
99 	 44
100 	 39
0 	 37
0 	 46
0 	 36
0 	 38
0 	 40
0 	 34
0 	 27
0 	 26
0 	 30
0 	 28
0 	 20
0 	 17
0 	 25
0 	 12
0 	 15
0 	 10
0 	 22
0 	 18
0 	 14
0 	 19
0 	 9
0 	 6
0 	 13
0 	 2
0 	 5
0 	 7
0 	 8
0 	 3
0 	 1
0 	 23
0 	 11
0 	 24
0 	 29
0 	 16
0 	 31
0 	 21
0 	 33
0 	 32
0 	 35
0 	 45
0 	 43
0 	 42
0 	 49
0 	 48
0 	 41
0 	 50
0 	 61
0 	 59
0 	 56
0 	 69
0 	 60
0 	 72
0 	 67
0 	 75
0 	 68
0 	 77
0 	 78
0 	 79
0 	 0
0 	 0
0 	 0
0 	 0
0 	 0
0 	 0
0 	 0
0 	 0
0 	 0
0 	 0
0 	 0
0 	 0
0 	 0
0 	 0
0 	 0
0 	 0
0 	 0
0 	 0
0 	 0
0 	 0
0 	 0
{{{{{{{{{{{{{{{{{{}}}}}}}}}}}}}}}}}}}}}}}{{{{{{{{{{{}}}}}}}}}}}
pa
b[len]->79
max -> 78 	 ind-> 76
rrb
b[len]->78
79 	 78
80 	 70
81 	 74
82 	 71
83 	 76
84 	 65
85 	 63
86 	 73
87 	 66
88 	 58
89 	 62
90 	 64
91 	 55
92 	 53
93 	 47
94 	 57
95 	 51
96 	 52
97 	 54
98 	 44
99 	 39
100 	 37
0 	 46
0 	 36
0 	 38
0 	 40
0 	 34
0 	 27
0 	 26
0 	 30
0 	 28
0 	 20
0 	 17
0 	 25
0 	 12
0 	 15
0 	 10
0 	 22
0 	 18
0 	 14
0 	 19
0 	 9
0 	 6
0 	 13
0 	 2
0 	 5
0 	 7
0 	 8
0 	 3
0 	 1
0 	 23
0 	 11
0 	 24
0 	 29
0 	 16
0 	 31
0 	 21
0 	 33
0 	 32
0 	 35
0 	 45
0 	 43
0 	 42
0 	 49
0 	 48
0 	 41
0 	 50
0 	 61
0 	 59
0 	 56
0 	 69
0 	 60
0 	 72
0 	 67
0 	 75
0 	 68
0 	 77
0 	 78
0 	 0
0 	 0
0 	 0
0 	 0
0 	 0
0 	 0
0 	 0
0 	 0
0 	 0
0 	 0
0 	 0
0 	 0
0 	 0
0 	 0
0 	 0
0 	 0
0 	 0
0 	 0
0 	 0
0 	 0
0 	 0
0 	 0
{{{{{{{{{{{{{{{{{{}}}}}}}}}}}}}}}}}}}}}}}{{{{{{{{{{{}}}}}}}}}}}
pa
b[len]->78
max -> 77 	 ind-> 75
rrb
b[len]->77
78 	 77
79 	 70
80 	 74
81 	 71
82 	 76
83 	 65
84 	 63
85 	 73
86 	 66
87 	 58
88 	 62
89 	 64
90 	 55
91 	 53
92 	 47
93 	 57
94 	 51
95 	 52
96 	 54
97 	 44
98 	 39
99 	 37
100 	 46
0 	 36
0 	 38
0 	 40
0 	 34
0 	 27
0 	 26
0 	 30
0 	 28
0 	 20
0 	 17
0 	 25
0 	 12
0 	 15
0 	 10
0 	 22
0 	 18
0 	 14
0 	 19
0 	 9
0 	 6
0 	 13
0 	 2
0 	 5
0 	 7
0 	 8
0 	 3
0 	 1
0 	 23
0 	 11
0 	 24
0 	 29
0 	 16
0 	 31
0 	 21
0 	 33
0 	 32
0 	 35
0 	 45
0 	 43
0 	 42
0 	 49
0 	 48
0 	 41
0 	 50
0 	 61
0 	 59
0 	 56
0 	 69
0 	 60
0 	 72
0 	 67
0 	 75
0 	 68
0 	 77
0 	 0
0 	 0
0 	 0
0 	 0
0 	 0
0 	 0
0 	 0
0 	 0
0 	 0
0 	 0
0 	 0
0 	 0
0 	 0
0 	 0
0 	 0
0 	 0
0 	 0
0 	 0
0 	 0
0 	 0
0 	 0
0 	 0
0 	 0
{{{{{{{{{{{{{{{{{{}}}}}}}}}}}}}}}}}}}}}}}{{{{{{{{{{{}}}}}}}}}}}
pa
b[len]->77
max -> 76 	 ind-> 3
rb
b[len]->77
rb
b[len]->77
rb
b[len]->77
77 	 76
78 	 65
79 	 63
80 	 73
81 	 66
82 	 58
83 	 62
84 	 64
85 	 55
86 	 53
87 	 47
88 	 57
89 	 51
90 	 52
91 	 54
92 	 44
93 	 39
94 	 37
95 	 46
96 	 36
97 	 38
98 	 40
99 	 34
100 	 27
0 	 26
0 	 30
0 	 28
0 	 20
0 	 17
0 	 25
0 	 12
0 	 15
0 	 10
0 	 22
0 	 18
0 	 14
0 	 19
0 	 9
0 	 6
0 	 13
0 	 2
0 	 5
0 	 7
0 	 8
0 	 3
0 	 1
0 	 23
0 	 11
0 	 24
0 	 29
0 	 16
0 	 31
0 	 21
0 	 33
0 	 32
0 	 35
0 	 45
0 	 43
0 	 42
0 	 49
0 	 48
0 	 41
0 	 50
0 	 61
0 	 59
0 	 56
0 	 69
0 	 60
0 	 72
0 	 67
0 	 75
0 	 68
0 	 70
0 	 74
0 	 71
0 	 77
0 	 0
0 	 0
0 	 0
0 	 0
0 	 0
0 	 0
0 	 0
0 	 0
0 	 0
0 	 0
0 	 0
0 	 0
0 	 0
0 	 0
0 	 0
0 	 0
0 	 0
0 	 0
0 	 0
0 	 0
0 	 0
0 	 0
0 	 0
0 	 0
{{{{{{{{{{{{{{{{{{}}}}}}}}}}}}}}}}}}}}}}}{{{{{{{{{{{}}}}}}}}}}}
pa
b[len]->77
max -> 75 	 ind-> 69
rrb
b[len]->71
rrb
b[len]->74
rrb
b[len]->70
rrb
b[len]->68
rrb
b[len]->75
76 	 75
77 	 68
78 	 70
79 	 74
80 	 71
81 	 65
82 	 63
83 	 73
84 	 66
85 	 58
86 	 62
87 	 64
88 	 55
89 	 53
90 	 47
91 	 57
92 	 51
93 	 52
94 	 54
95 	 44
96 	 39
97 	 37
98 	 46
99 	 36
100 	 38
0 	 40
0 	 34
0 	 27
0 	 26
0 	 30
0 	 28
0 	 20
0 	 17
0 	 25
0 	 12
0 	 15
0 	 10
0 	 22
0 	 18
0 	 14
0 	 19
0 	 9
0 	 6
0 	 13
0 	 2
0 	 5
0 	 7
0 	 8
0 	 3
0 	 1
0 	 23
0 	 11
0 	 24
0 	 29
0 	 16
0 	 31
0 	 21
0 	 33
0 	 32
0 	 35
0 	 45
0 	 43
0 	 42
0 	 49
0 	 48
0 	 41
0 	 50
0 	 61
0 	 59
0 	 56
0 	 69
0 	 60
0 	 72
0 	 67
0 	 75
0 	 0
0 	 0
0 	 0
0 	 0
0 	 0
0 	 0
0 	 0
0 	 0
0 	 0
0 	 0
0 	 0
0 	 0
0 	 0
0 	 0
0 	 0
0 	 0
0 	 0
0 	 0
0 	 0
0 	 0
0 	 0
0 	 0
0 	 0
0 	 0
0 	 0
{{{{{{{{{{{{{{{{{{}}}}}}}}}}}}}}}}}}}}}}}{{{{{{{{{{{}}}}}}}}}}}
pa
b[len]->75
max -> 74 	 ind-> 2
rb
b[len]->75
rb
b[len]->75
75 	 74
76 	 71
77 	 65
78 	 63
79 	 73
80 	 66
81 	 58
82 	 62
83 	 64
84 	 55
85 	 53
86 	 47
87 	 57
88 	 51
89 	 52
90 	 54
91 	 44
92 	 39
93 	 37
94 	 46
95 	 36
96 	 38
97 	 40
98 	 34
99 	 27
100 	 26
0 	 30
0 	 28
0 	 20
0 	 17
0 	 25
0 	 12
0 	 15
0 	 10
0 	 22
0 	 18
0 	 14
0 	 19
0 	 9
0 	 6
0 	 13
0 	 2
0 	 5
0 	 7
0 	 8
0 	 3
0 	 1
0 	 23
0 	 11
0 	 24
0 	 29
0 	 16
0 	 31
0 	 21
0 	 33
0 	 32
0 	 35
0 	 45
0 	 43
0 	 42
0 	 49
0 	 48
0 	 41
0 	 50
0 	 61
0 	 59
0 	 56
0 	 69
0 	 60
0 	 72
0 	 67
0 	 68
0 	 70
0 	 75
0 	 0
0 	 0
0 	 0
0 	 0
0 	 0
0 	 0
0 	 0
0 	 0
0 	 0
0 	 0
0 	 0
0 	 0
0 	 0
0 	 0
0 	 0
0 	 0
0 	 0
0 	 0
0 	 0
0 	 0
0 	 0
0 	 0
0 	 0
0 	 0
0 	 0
0 	 0
{{{{{{{{{{{{{{{{{{}}}}}}}}}}}}}}}}}}}}}}}{{{{{{{{{{{}}}}}}}}}}}
pa
b[len]->75
max -> 73 	 ind-> 3
rb
b[len]->75
rb
b[len]->75
rb
b[len]->75
74 	 73
75 	 66
76 	 58
77 	 62
78 	 64
79 	 55
80 	 53
81 	 47
82 	 57
83 	 51
84 	 52
85 	 54
86 	 44
87 	 39
88 	 37
89 	 46
90 	 36
91 	 38
92 	 40
93 	 34
94 	 27
95 	 26
96 	 30
97 	 28
98 	 20
99 	 17
100 	 25
0 	 12
0 	 15
0 	 10
0 	 22
0 	 18
0 	 14
0 	 19
0 	 9
0 	 6
0 	 13
0 	 2
0 	 5
0 	 7
0 	 8
0 	 3
0 	 1
0 	 23
0 	 11
0 	 24
0 	 29
0 	 16
0 	 31
0 	 21
0 	 33
0 	 32
0 	 35
0 	 45
0 	 43
0 	 42
0 	 49
0 	 48
0 	 41
0 	 50
0 	 61
0 	 59
0 	 56
0 	 69
0 	 60
0 	 72
0 	 67
0 	 68
0 	 70
0 	 71
0 	 65
0 	 63
0 	 75
0 	 0
0 	 0
0 	 0
0 	 0
0 	 0
0 	 0
0 	 0
0 	 0
0 	 0
0 	 0
0 	 0
0 	 0
0 	 0
0 	 0
0 	 0
0 	 0
0 	 0
0 	 0
0 	 0
0 	 0
0 	 0
0 	 0
0 	 0
0 	 0
0 	 0
0 	 0
0 	 0
{{{{{{{{{{{{{{{{{{}}}}}}}}}}}}}}}}}}}}}}}{{{{{{{{{{{}}}}}}}}}}}
pa
b[len]->75
max -> 72 	 ind-> 64
rrb
b[len]->63
rrb
b[len]->65
rrb
b[len]->71
rrb
b[len]->70
rrb
b[len]->68
rrb
b[len]->67
rrb
b[len]->72
73 	 72
74 	 67
75 	 68
76 	 70
77 	 71
78 	 65
79 	 63
80 	 66
81 	 58
82 	 62
83 	 64
84 	 55
85 	 53
86 	 47
87 	 57
88 	 51
89 	 52
90 	 54
91 	 44
92 	 39
93 	 37
94 	 46
95 	 36
96 	 38
97 	 40
98 	 34
99 	 27
100 	 26
0 	 30
0 	 28
0 	 20
0 	 17
0 	 25
0 	 12
0 	 15
0 	 10
0 	 22
0 	 18
0 	 14
0 	 19
0 	 9
0 	 6
0 	 13
0 	 2
0 	 5
0 	 7
0 	 8
0 	 3
0 	 1
0 	 23
0 	 11
0 	 24
0 	 29
0 	 16
0 	 31
0 	 21
0 	 33
0 	 32
0 	 35
0 	 45
0 	 43
0 	 42
0 	 49
0 	 48
0 	 41
0 	 50
0 	 61
0 	 59
0 	 56
0 	 69
0 	 60
0 	 72
0 	 0
0 	 0
0 	 0
0 	 0
0 	 0
0 	 0
0 	 0
0 	 0
0 	 0
0 	 0
0 	 0
0 	 0
0 	 0
0 	 0
0 	 0
0 	 0
0 	 0
0 	 0
0 	 0
0 	 0
0 	 0
0 	 0
0 	 0
0 	 0
0 	 0
0 	 0
0 	 0
0 	 0
{{{{{{{{{{{{{{{{{{}}}}}}}}}}}}}}}}}}}}}}}{{{{{{{{{{{}}}}}}}}}}}
pa
b[len]->72
max -> 71 	 ind-> 3
rb
b[len]->72
rb
b[len]->72
rb
b[len]->72
72 	 71
73 	 65
74 	 63
75 	 66
76 	 58
77 	 62
78 	 64
79 	 55
80 	 53
81 	 47
82 	 57
83 	 51
84 	 52
85 	 54
86 	 44
87 	 39
88 	 37
89 	 46
90 	 36
91 	 38
92 	 40
93 	 34
94 	 27
95 	 26
96 	 30
97 	 28
98 	 20
99 	 17
100 	 25
0 	 12
0 	 15
0 	 10
0 	 22
0 	 18
0 	 14
0 	 19
0 	 9
0 	 6
0 	 13
0 	 2
0 	 5
0 	 7
0 	 8
0 	 3
0 	 1
0 	 23
0 	 11
0 	 24
0 	 29
0 	 16
0 	 31
0 	 21
0 	 33
0 	 32
0 	 35
0 	 45
0 	 43
0 	 42
0 	 49
0 	 48
0 	 41
0 	 50
0 	 61
0 	 59
0 	 56
0 	 69
0 	 60
0 	 67
0 	 68
0 	 70
0 	 72
0 	 0
0 	 0
0 	 0
0 	 0
0 	 0
0 	 0
0 	 0
0 	 0
0 	 0
0 	 0
0 	 0
0 	 0
0 	 0
0 	 0
0 	 0
0 	 0
0 	 0
0 	 0
0 	 0
0 	 0
0 	 0
0 	 0
0 	 0
0 	 0
0 	 0
0 	 0
0 	 0
0 	 0
0 	 0
{{{{{{{{{{{{{{{{{{}}}}}}}}}}}}}}}}}}}}}}}{{{{{{{{{{{}}}}}}}}}}}
pa
b[len]->72
max -> 70 	 ind-> 68
rrb
b[len]->70
71 	 70
72 	 65
73 	 63
74 	 66
75 	 58
76 	 62
77 	 64
78 	 55
79 	 53
80 	 47
81 	 57
82 	 51
83 	 52
84 	 54
85 	 44
86 	 39
87 	 37
88 	 46
89 	 36
90 	 38
91 	 40
92 	 34
93 	 27
94 	 26
95 	 30
96 	 28
97 	 20
98 	 17
99 	 25
100 	 12
0 	 15
0 	 10
0 	 22
0 	 18
0 	 14
0 	 19
0 	 9
0 	 6
0 	 13
0 	 2
0 	 5
0 	 7
0 	 8
0 	 3
0 	 1
0 	 23
0 	 11
0 	 24
0 	 29
0 	 16
0 	 31
0 	 21
0 	 33
0 	 32
0 	 35
0 	 45
0 	 43
0 	 42
0 	 49
0 	 48
0 	 41
0 	 50
0 	 61
0 	 59
0 	 56
0 	 69
0 	 60
0 	 67
0 	 68
0 	 70
0 	 0
0 	 0
0 	 0
0 	 0
0 	 0
0 	 0
0 	 0
0 	 0
0 	 0
0 	 0
0 	 0
0 	 0
0 	 0
0 	 0
0 	 0
0 	 0
0 	 0
0 	 0
0 	 0
0 	 0
0 	 0
0 	 0
0 	 0
0 	 0
0 	 0
0 	 0
0 	 0
0 	 0
0 	 0
0 	 0
{{{{{{{{{{{{{{{{{{}}}}}}}}}}}}}}}}}}}}}}}{{{{{{{{{{{}}}}}}}}}}}
pa
b[len]->70
max -> 69 	 ind-> 64
rrb
b[len]->68
rrb
b[len]->67
rrb
b[len]->60
rrb
b[len]->69
70 	 69
71 	 60
72 	 67
73 	 68
74 	 65
75 	 63
76 	 66
77 	 58
78 	 62
79 	 64
80 	 55
81 	 53
82 	 47
83 	 57
84 	 51
85 	 52
86 	 54
87 	 44
88 	 39
89 	 37
90 	 46
91 	 36
92 	 38
93 	 40
94 	 34
95 	 27
96 	 26
97 	 30
98 	 28
99 	 20
100 	 17
0 	 25
0 	 12
0 	 15
0 	 10
0 	 22
0 	 18
0 	 14
0 	 19
0 	 9
0 	 6
0 	 13
0 	 2
0 	 5
0 	 7
0 	 8
0 	 3
0 	 1
0 	 23
0 	 11
0 	 24
0 	 29
0 	 16
0 	 31
0 	 21
0 	 33
0 	 32
0 	 35
0 	 45
0 	 43
0 	 42
0 	 49
0 	 48
0 	 41
0 	 50
0 	 61
0 	 59
0 	 56
0 	 69
0 	 0
0 	 0
0 	 0
0 	 0
0 	 0
0 	 0
0 	 0
0 	 0
0 	 0
0 	 0
0 	 0
0 	 0
0 	 0
0 	 0
0 	 0
0 	 0
0 	 0
0 	 0
0 	 0
0 	 0
0 	 0
0 	 0
0 	 0
0 	 0
0 	 0
0 	 0
0 	 0
0 	 0
0 	 0
0 	 0
0 	 0
{{{{{{{{{{{{{{{{{{}}}}}}}}}}}}}}}}}}}}}}}{{{{{{{{{{{}}}}}}}}}}}
pa
b[len]->69
max -> 68 	 ind-> 2
rb
b[len]->69
rb
b[len]->69
69 	 68
70 	 65
71 	 63
72 	 66
73 	 58
74 	 62
75 	 64
76 	 55
77 	 53
78 	 47
79 	 57
80 	 51
81 	 52
82 	 54
83 	 44
84 	 39
85 	 37
86 	 46
87 	 36
88 	 38
89 	 40
90 	 34
91 	 27
92 	 26
93 	 30
94 	 28
95 	 20
96 	 17
97 	 25
98 	 12
99 	 15
100 	 10
0 	 22
0 	 18
0 	 14
0 	 19
0 	 9
0 	 6
0 	 13
0 	 2
0 	 5
0 	 7
0 	 8
0 	 3
0 	 1
0 	 23
0 	 11
0 	 24
0 	 29
0 	 16
0 	 31
0 	 21
0 	 33
0 	 32
0 	 35
0 	 45
0 	 43
0 	 42
0 	 49
0 	 48
0 	 41
0 	 50
0 	 61
0 	 59
0 	 56
0 	 60
0 	 67
0 	 69
0 	 0
0 	 0
0 	 0
0 	 0
0 	 0
0 	 0
0 	 0
0 	 0
0 	 0
0 	 0
0 	 0
0 	 0
0 	 0
0 	 0
0 	 0
0 	 0
0 	 0
0 	 0
0 	 0
0 	 0
0 	 0
0 	 0
0 	 0
0 	 0
0 	 0
0 	 0
0 	 0
0 	 0
0 	 0
0 	 0
0 	 0
0 	 0
{{{{{{{{{{{{{{{{{{}}}}}}}}}}}}}}}}}}}}}}}{{{{{{{{{{{}}}}}}}}}}}
pa
b[len]->69
max -> 67 	 ind-> 65
rrb
b[len]->67
68 	 67
69 	 65
70 	 63
71 	 66
72 	 58
73 	 62
74 	 64
75 	 55
76 	 53
77 	 47
78 	 57
79 	 51
80 	 52
81 	 54
82 	 44
83 	 39
84 	 37
85 	 46
86 	 36
87 	 38
88 	 40
89 	 34
90 	 27
91 	 26
92 	 30
93 	 28
94 	 20
95 	 17
96 	 25
97 	 12
98 	 15
99 	 10
100 	 22
0 	 18
0 	 14
0 	 19
0 	 9
0 	 6
0 	 13
0 	 2
0 	 5
0 	 7
0 	 8
0 	 3
0 	 1
0 	 23
0 	 11
0 	 24
0 	 29
0 	 16
0 	 31
0 	 21
0 	 33
0 	 32
0 	 35
0 	 45
0 	 43
0 	 42
0 	 49
0 	 48
0 	 41
0 	 50
0 	 61
0 	 59
0 	 56
0 	 60
0 	 67
0 	 0
0 	 0
0 	 0
0 	 0
0 	 0
0 	 0
0 	 0
0 	 0
0 	 0
0 	 0
0 	 0
0 	 0
0 	 0
0 	 0
0 	 0
0 	 0
0 	 0
0 	 0
0 	 0
0 	 0
0 	 0
0 	 0
0 	 0
0 	 0
0 	 0
0 	 0
0 	 0
0 	 0
0 	 0
0 	 0
0 	 0
0 	 0
0 	 0
{{{{{{{{{{{{{{{{{{}}}}}}}}}}}}}}}}}}}}}}}{{{{{{{{{{{}}}}}}}}}}}
pa
b[len]->67
max -> 66 	 ind-> 2
rb
b[len]->67
rb
b[len]->67
67 	 66
68 	 58
69 	 62
70 	 64
71 	 55
72 	 53
73 	 47
74 	 57
75 	 51
76 	 52
77 	 54
78 	 44
79 	 39
80 	 37
81 	 46
82 	 36
83 	 38
84 	 40
85 	 34
86 	 27
87 	 26
88 	 30
89 	 28
90 	 20
91 	 17
92 	 25
93 	 12
94 	 15
95 	 10
96 	 22
97 	 18
98 	 14
99 	 19
100 	 9
0 	 6
0 	 13
0 	 2
0 	 5
0 	 7
0 	 8
0 	 3
0 	 1
0 	 23
0 	 11
0 	 24
0 	 29
0 	 16
0 	 31
0 	 21
0 	 33
0 	 32
0 	 35
0 	 45
0 	 43
0 	 42
0 	 49
0 	 48
0 	 41
0 	 50
0 	 61
0 	 59
0 	 56
0 	 60
0 	 65
0 	 63
0 	 67
0 	 0
0 	 0
0 	 0
0 	 0
0 	 0
0 	 0
0 	 0
0 	 0
0 	 0
0 	 0
0 	 0
0 	 0
0 	 0
0 	 0
0 	 0
0 	 0
0 	 0
0 	 0
0 	 0
0 	 0
0 	 0
0 	 0
0 	 0
0 	 0
0 	 0
0 	 0
0 	 0
0 	 0
0 	 0
0 	 0
0 	 0
0 	 0
0 	 0
0 	 0
{{{{{{{{{{{{{{{{{{}}}}}}}}}}}}}}}}}}}}}}}{{{{{{{{{{{}}}}}}}}}}}
pa
b[len]->67
max -> 65 	 ind-> 62
rrb
b[len]->63
rrb
b[len]->65
66 	 65
67 	 63
68 	 58
69 	 62
70 	 64
71 	 55
72 	 53
73 	 47
74 	 57
75 	 51
76 	 52
77 	 54
78 	 44
79 	 39
80 	 37
81 	 46
82 	 36
83 	 38
84 	 40
85 	 34
86 	 27
87 	 26
88 	 30
89 	 28
90 	 20
91 	 17
92 	 25
93 	 12
94 	 15
95 	 10
96 	 22
97 	 18
98 	 14
99 	 19
100 	 9
0 	 6
0 	 13
0 	 2
0 	 5
0 	 7
0 	 8
0 	 3
0 	 1
0 	 23
0 	 11
0 	 24
0 	 29
0 	 16
0 	 31
0 	 21
0 	 33
0 	 32
0 	 35
0 	 45
0 	 43
0 	 42
0 	 49
0 	 48
0 	 41
0 	 50
0 	 61
0 	 59
0 	 56
0 	 60
0 	 65
0 	 0
0 	 0
0 	 0
0 	 0
0 	 0
0 	 0
0 	 0
0 	 0
0 	 0
0 	 0
0 	 0
0 	 0
0 	 0
0 	 0
0 	 0
0 	 0
0 	 0
0 	 0
0 	 0
0 	 0
0 	 0
0 	 0
0 	 0
0 	 0
0 	 0
0 	 0
0 	 0
0 	 0
0 	 0
0 	 0
0 	 0
0 	 0
0 	 0
0 	 0
0 	 0
{{{{{{{{{{{{{{{{{{}}}}}}}}}}}}}}}}}}}}}}}{{{{{{{{{{{}}}}}}}}}}}
pa
b[len]->65
max -> 64 	 ind-> 3
rb
b[len]->65
rb
b[len]->65
rb
b[len]->65
65 	 64
66 	 55
67 	 53
68 	 47
69 	 57
70 	 51
71 	 52
72 	 54
73 	 44
74 	 39
75 	 37
76 	 46
77 	 36
78 	 38
79 	 40
80 	 34
81 	 27
82 	 26
83 	 30
84 	 28
85 	 20
86 	 17
87 	 25
88 	 12
89 	 15
90 	 10
91 	 22
92 	 18
93 	 14
94 	 19
95 	 9
96 	 6
97 	 13
98 	 2
99 	 5
100 	 7
0 	 8
0 	 3
0 	 1
0 	 23
0 	 11
0 	 24
0 	 29
0 	 16
0 	 31
0 	 21
0 	 33
0 	 32
0 	 35
0 	 45
0 	 43
0 	 42
0 	 49
0 	 48
0 	 41
0 	 50
0 	 61
0 	 59
0 	 56
0 	 60
0 	 63
0 	 58
0 	 62
0 	 65
0 	 0
0 	 0
0 	 0
0 	 0
0 	 0
0 	 0
0 	 0
0 	 0
0 	 0
0 	 0
0 	 0
0 	 0
0 	 0
0 	 0
0 	 0
0 	 0
0 	 0
0 	 0
0 	 0
0 	 0
0 	 0
0 	 0
0 	 0
0 	 0
0 	 0
0 	 0
0 	 0
0 	 0
0 	 0
0 	 0
0 	 0
0 	 0
0 	 0
0 	 0
0 	 0
0 	 0
{{{{{{{{{{{{{{{{{{}}}}}}}}}}}}}}}}}}}}}}}{{{{{{{{{{{}}}}}}}}}}}
pa
b[len]->65
max -> 63 	 ind-> 59
rrb
b[len]->62
rrb
b[len]->58
rrb
b[len]->63
64 	 63
65 	 58
66 	 62
67 	 55
68 	 53
69 	 47
70 	 57
71 	 51
72 	 52
73 	 54
74 	 44
75 	 39
76 	 37
77 	 46
78 	 36
79 	 38
80 	 40
81 	 34
82 	 27
83 	 26
84 	 30
85 	 28
86 	 20
87 	 17
88 	 25
89 	 12
90 	 15
91 	 10
92 	 22
93 	 18
94 	 14
95 	 19
96 	 9
97 	 6
98 	 13
99 	 2
100 	 5
0 	 7
0 	 8
0 	 3
0 	 1
0 	 23
0 	 11
0 	 24
0 	 29
0 	 16
0 	 31
0 	 21
0 	 33
0 	 32
0 	 35
0 	 45
0 	 43
0 	 42
0 	 49
0 	 48
0 	 41
0 	 50
0 	 61
0 	 59
0 	 56
0 	 60
0 	 63
0 	 0
0 	 0
0 	 0
0 	 0
0 	 0
0 	 0
0 	 0
0 	 0
0 	 0
0 	 0
0 	 0
0 	 0
0 	 0
0 	 0
0 	 0
0 	 0
0 	 0
0 	 0
0 	 0
0 	 0
0 	 0
0 	 0
0 	 0
0 	 0
0 	 0
0 	 0
0 	 0
0 	 0
0 	 0
0 	 0
0 	 0
0 	 0
0 	 0
0 	 0
0 	 0
0 	 0
0 	 0
{{{{{{{{{{{{{{{{{{}}}}}}}}}}}}}}}}}}}}}}}{{{{{{{{{{{}}}}}}}}}}}
pa
b[len]->63
max -> 62 	 ind-> 1
rb
b[len]->63
63 	 62
64 	 55
65 	 53
66 	 47
67 	 57
68 	 51
69 	 52
70 	 54
71 	 44
72 	 39
73 	 37
74 	 46
75 	 36
76 	 38
77 	 40
78 	 34
79 	 27
80 	 26
81 	 30
82 	 28
83 	 20
84 	 17
85 	 25
86 	 12
87 	 15
88 	 10
89 	 22
90 	 18
91 	 14
92 	 19
93 	 9
94 	 6
95 	 13
96 	 2
97 	 5
98 	 7
99 	 8
100 	 3
0 	 1
0 	 23
0 	 11
0 	 24
0 	 29
0 	 16
0 	 31
0 	 21
0 	 33
0 	 32
0 	 35
0 	 45
0 	 43
0 	 42
0 	 49
0 	 48
0 	 41
0 	 50
0 	 61
0 	 59
0 	 56
0 	 60
0 	 58
0 	 63
0 	 0
0 	 0
0 	 0
0 	 0
0 	 0
0 	 0
0 	 0
0 	 0
0 	 0
0 	 0
0 	 0
0 	 0
0 	 0
0 	 0
0 	 0
0 	 0
0 	 0
0 	 0
0 	 0
0 	 0
0 	 0
0 	 0
0 	 0
0 	 0
0 	 0
0 	 0
0 	 0
0 	 0
0 	 0
0 	 0
0 	 0
0 	 0
0 	 0
0 	 0
0 	 0
0 	 0
0 	 0
0 	 0
{{{{{{{{{{{{{{{{{{}}}}}}}}}}}}}}}}}}}}}}}{{{{{{{{{{{}}}}}}}}}}}
pa
b[len]->63
max -> 61 	 ind-> 55
rrb
b[len]->58
rrb
b[len]->60
rrb
b[len]->56
rrb
b[len]->59
rrb
b[len]->61
62 	 61
63 	 59
64 	 56
65 	 60
66 	 58
67 	 55
68 	 53
69 	 47
70 	 57
71 	 51
72 	 52
73 	 54
74 	 44
75 	 39
76 	 37
77 	 46
78 	 36
79 	 38
80 	 40
81 	 34
82 	 27
83 	 26
84 	 30
85 	 28
86 	 20
87 	 17
88 	 25
89 	 12
90 	 15
91 	 10
92 	 22
93 	 18
94 	 14
95 	 19
96 	 9
97 	 6
98 	 13
99 	 2
100 	 5
0 	 7
0 	 8
0 	 3
0 	 1
0 	 23
0 	 11
0 	 24
0 	 29
0 	 16
0 	 31
0 	 21
0 	 33
0 	 32
0 	 35
0 	 45
0 	 43
0 	 42
0 	 49
0 	 48
0 	 41
0 	 50
0 	 61
0 	 0
0 	 0
0 	 0
0 	 0
0 	 0
0 	 0
0 	 0
0 	 0
0 	 0
0 	 0
0 	 0
0 	 0
0 	 0
0 	 0
0 	 0
0 	 0
0 	 0
0 	 0
0 	 0
0 	 0
0 	 0
0 	 0
0 	 0
0 	 0
0 	 0
0 	 0
0 	 0
0 	 0
0 	 0
0 	 0
0 	 0
0 	 0
0 	 0
0 	 0
0 	 0
0 	 0
0 	 0
0 	 0
0 	 0
{{{{{{{{{{{{{{{{{{}}}}}}}}}}}}}}}}}}}}}}}{{{{{{{{{{{}}}}}}}}}}}
pa
b[len]->61
max -> 60 	 ind-> 2
rb
b[len]->61
rb
b[len]->61
61 	 60
62 	 58
63 	 55
64 	 53
65 	 47
66 	 57
67 	 51
68 	 52
69 	 54
70 	 44
71 	 39
72 	 37
73 	 46
74 	 36
75 	 38
76 	 40
77 	 34
78 	 27
79 	 26
80 	 30
81 	 28
82 	 20
83 	 17
84 	 25
85 	 12
86 	 15
87 	 10
88 	 22
89 	 18
90 	 14
91 	 19
92 	 9
93 	 6
94 	 13
95 	 2
96 	 5
97 	 7
98 	 8
99 	 3
100 	 1
0 	 23
0 	 11
0 	 24
0 	 29
0 	 16
0 	 31
0 	 21
0 	 33
0 	 32
0 	 35
0 	 45
0 	 43
0 	 42
0 	 49
0 	 48
0 	 41
0 	 50
0 	 59
0 	 56
0 	 61
0 	 0
0 	 0
0 	 0
0 	 0
0 	 0
0 	 0
0 	 0
0 	 0
0 	 0
0 	 0
0 	 0
0 	 0
0 	 0
0 	 0
0 	 0
0 	 0
0 	 0
0 	 0
0 	 0
0 	 0
0 	 0
0 	 0
0 	 0
0 	 0
0 	 0
0 	 0
0 	 0
0 	 0
0 	 0
0 	 0
0 	 0
0 	 0
0 	 0
0 	 0
0 	 0
0 	 0
0 	 0
0 	 0
0 	 0
0 	 0
{{{{{{{{{{{{{{{{{{}}}}}}}}}}}}}}}}}}}}}}}{{{{{{{{{{{}}}}}}}}}}}
pa
b[len]->61
max -> 59 	 ind-> 56
rrb
b[len]->56
rrb
b[len]->59
60 	 59
61 	 56
62 	 58
63 	 55
64 	 53
65 	 47
66 	 57
67 	 51
68 	 52
69 	 54
70 	 44
71 	 39
72 	 37
73 	 46
74 	 36
75 	 38
76 	 40
77 	 34
78 	 27
79 	 26
80 	 30
81 	 28
82 	 20
83 	 17
84 	 25
85 	 12
86 	 15
87 	 10
88 	 22
89 	 18
90 	 14
91 	 19
92 	 9
93 	 6
94 	 13
95 	 2
96 	 5
97 	 7
98 	 8
99 	 3
100 	 1
0 	 23
0 	 11
0 	 24
0 	 29
0 	 16
0 	 31
0 	 21
0 	 33
0 	 32
0 	 35
0 	 45
0 	 43
0 	 42
0 	 49
0 	 48
0 	 41
0 	 50
0 	 59
0 	 0
0 	 0
0 	 0
0 	 0
0 	 0
0 	 0
0 	 0
0 	 0
0 	 0
0 	 0
0 	 0
0 	 0
0 	 0
0 	 0
0 	 0
0 	 0
0 	 0
0 	 0
0 	 0
0 	 0
0 	 0
0 	 0
0 	 0
0 	 0
0 	 0
0 	 0
0 	 0
0 	 0
0 	 0
0 	 0
0 	 0
0 	 0
0 	 0
0 	 0
0 	 0
0 	 0
0 	 0
0 	 0
0 	 0
0 	 0
0 	 0
{{{{{{{{{{{{{{{{{{}}}}}}}}}}}}}}}}}}}}}}}{{{{{{{{{{{}}}}}}}}}}}
pa
b[len]->59
max -> 58 	 ind-> 1
rb
b[len]->59
59 	 58
60 	 55
61 	 53
62 	 47
63 	 57
64 	 51
65 	 52
66 	 54
67 	 44
68 	 39
69 	 37
70 	 46
71 	 36
72 	 38
73 	 40
74 	 34
75 	 27
76 	 26
77 	 30
78 	 28
79 	 20
80 	 17
81 	 25
82 	 12
83 	 15
84 	 10
85 	 22
86 	 18
87 	 14
88 	 19
89 	 9
90 	 6
91 	 13
92 	 2
93 	 5
94 	 7
95 	 8
96 	 3
97 	 1
98 	 23
99 	 11
100 	 24
0 	 29
0 	 16
0 	 31
0 	 21
0 	 33
0 	 32
0 	 35
0 	 45
0 	 43
0 	 42
0 	 49
0 	 48
0 	 41
0 	 50
0 	 56
0 	 59
0 	 0
0 	 0
0 	 0
0 	 0
0 	 0
0 	 0
0 	 0
0 	 0
0 	 0
0 	 0
0 	 0
0 	 0
0 	 0
0 	 0
0 	 0
0 	 0
0 	 0
0 	 0
0 	 0
0 	 0
0 	 0
0 	 0
0 	 0
0 	 0
0 	 0
0 	 0
0 	 0
0 	 0
0 	 0
0 	 0
0 	 0
0 	 0
0 	 0
0 	 0
0 	 0
0 	 0
0 	 0
0 	 0
0 	 0
0 	 0
0 	 0
0 	 0
{{{{{{{{{{{{{{{{{{}}}}}}}}}}}}}}}}}}}}}}}{{{{{{{{{{{}}}}}}}}}}}
pa
b[len]->59
max -> 57 	 ind-> 3
rb
b[len]->59
rb
b[len]->59
rb
b[len]->59
58 	 57
59 	 51
60 	 52
61 	 54
62 	 44
63 	 39
64 	 37
65 	 46
66 	 36
67 	 38
68 	 40
69 	 34
70 	 27
71 	 26
72 	 30
73 	 28
74 	 20
75 	 17
76 	 25
77 	 12
78 	 15
79 	 10
80 	 22
81 	 18
82 	 14
83 	 19
84 	 9
85 	 6
86 	 13
87 	 2
88 	 5
89 	 7
90 	 8
91 	 3
92 	 1
93 	 23
94 	 11
95 	 24
96 	 29
97 	 16
98 	 31
99 	 21
100 	 33
0 	 32
0 	 35
0 	 45
0 	 43
0 	 42
0 	 49
0 	 48
0 	 41
0 	 50
0 	 56
0 	 55
0 	 53
0 	 47
0 	 59
0 	 0
0 	 0
0 	 0
0 	 0
0 	 0
0 	 0
0 	 0
0 	 0
0 	 0
0 	 0
0 	 0
0 	 0
0 	 0
0 	 0
0 	 0
0 	 0
0 	 0
0 	 0
0 	 0
0 	 0
0 	 0
0 	 0
0 	 0
0 	 0
0 	 0
0 	 0
0 	 0
0 	 0
0 	 0
0 	 0
0 	 0
0 	 0
0 	 0
0 	 0
0 	 0
0 	 0
0 	 0
0 	 0
0 	 0
0 	 0
0 	 0
0 	 0
0 	 0
{{{{{{{{{{{{{{{{{{}}}}}}}}}}}}}}}}}}}}}}}{{{{{{{{{{{}}}}}}}}}}}
pa
b[len]->59
max -> 56 	 ind-> 51
rrb
b[len]->47
rrb
b[len]->53
rrb
b[len]->55
rrb
b[len]->56
57 	 56
58 	 55
59 	 53
60 	 47
61 	 51
62 	 52
63 	 54
64 	 44
65 	 39
66 	 37
67 	 46
68 	 36
69 	 38
70 	 40
71 	 34
72 	 27
73 	 26
74 	 30
75 	 28
76 	 20
77 	 17
78 	 25
79 	 12
80 	 15
81 	 10
82 	 22
83 	 18
84 	 14
85 	 19
86 	 9
87 	 6
88 	 13
89 	 2
90 	 5
91 	 7
92 	 8
93 	 3
94 	 1
95 	 23
96 	 11
97 	 24
98 	 29
99 	 16
100 	 31
0 	 21
0 	 33
0 	 32
0 	 35
0 	 45
0 	 43
0 	 42
0 	 49
0 	 48
0 	 41
0 	 50
0 	 56
0 	 0
0 	 0
0 	 0
0 	 0
0 	 0
0 	 0
0 	 0
0 	 0
0 	 0
0 	 0
0 	 0
0 	 0
0 	 0
0 	 0
0 	 0
0 	 0
0 	 0
0 	 0
0 	 0
0 	 0
0 	 0
0 	 0
0 	 0
0 	 0
0 	 0
0 	 0
0 	 0
0 	 0
0 	 0
0 	 0
0 	 0
0 	 0
0 	 0
0 	 0
0 	 0
0 	 0
0 	 0
0 	 0
0 	 0
0 	 0
0 	 0
0 	 0
0 	 0
0 	 0
{{{{{{{{{{{{{{{{{{}}}}}}}}}}}}}}}}}}}}}}}{{{{{{{{{{{}}}}}}}}}}}
pa
b[len]->56
max -> 55 	 ind-> 0
56 	 55
57 	 53
58 	 47
59 	 51
60 	 52
61 	 54
62 	 44
63 	 39
64 	 37
65 	 46
66 	 36
67 	 38
68 	 40
69 	 34
70 	 27
71 	 26
72 	 30
73 	 28
74 	 20
75 	 17
76 	 25
77 	 12
78 	 15
79 	 10
80 	 22
81 	 18
82 	 14
83 	 19
84 	 9
85 	 6
86 	 13
87 	 2
88 	 5
89 	 7
90 	 8
91 	 3
92 	 1
93 	 23
94 	 11
95 	 24
96 	 29
97 	 16
98 	 31
99 	 21
100 	 33
0 	 32
0 	 35
0 	 45
0 	 43
0 	 42
0 	 49
0 	 48
0 	 41
0 	 50
0 	 56
0 	 0
0 	 0
0 	 0
0 	 0
0 	 0
0 	 0
0 	 0
0 	 0
0 	 0
0 	 0
0 	 0
0 	 0
0 	 0
0 	 0
0 	 0
0 	 0
0 	 0
0 	 0
0 	 0
0 	 0
0 	 0
0 	 0
0 	 0
0 	 0
0 	 0
0 	 0
0 	 0
0 	 0
0 	 0
0 	 0
0 	 0
0 	 0
0 	 0
0 	 0
0 	 0
0 	 0
0 	 0
0 	 0
0 	 0
0 	 0
0 	 0
0 	 0
0 	 0
0 	 0
0 	 0
{{{{{{{{{{{{{{{{{{}}}}}}}}}}}}}}}}}}}}}}}{{{{{{{{{{{}}}}}}}}}}}
pa
b[len]->56
max -> 54 	 ind-> 4
rb
b[len]->56
rb
b[len]->56
rb
b[len]->56
rb
b[len]->56
55 	 54
56 	 44
57 	 39
58 	 37
59 	 46
60 	 36
61 	 38
62 	 40
63 	 34
64 	 27
65 	 26
66 	 30
67 	 28
68 	 20
69 	 17
70 	 25
71 	 12
72 	 15
73 	 10
74 	 22
75 	 18
76 	 14
77 	 19
78 	 9
79 	 6
80 	 13
81 	 2
82 	 5
83 	 7
84 	 8
85 	 3
86 	 1
87 	 23
88 	 11
89 	 24
90 	 29
91 	 16
92 	 31
93 	 21
94 	 33
95 	 32
96 	 35
97 	 45
98 	 43
99 	 42
100 	 49
0 	 48
0 	 41
0 	 50
0 	 53
0 	 47
0 	 51
0 	 52
0 	 56
0 	 0
0 	 0
0 	 0
0 	 0
0 	 0
0 	 0
0 	 0
0 	 0
0 	 0
0 	 0
0 	 0
0 	 0
0 	 0
0 	 0
0 	 0
0 	 0
0 	 0
0 	 0
0 	 0
0 	 0
0 	 0
0 	 0
0 	 0
0 	 0
0 	 0
0 	 0
0 	 0
0 	 0
0 	 0
0 	 0
0 	 0
0 	 0
0 	 0
0 	 0
0 	 0
0 	 0
0 	 0
0 	 0
0 	 0
0 	 0
0 	 0
0 	 0
0 	 0
0 	 0
0 	 0
0 	 0
{{{{{{{{{{{{{{{{{{}}}}}}}}}}}}}}}}}}}}}}}{{{{{{{{{{{}}}}}}}}}}}
pa
b[len]->56
max -> 53 	 ind-> 48
rrb
b[len]->52
rrb
b[len]->51
rrb
b[len]->47
rrb
b[len]->53
54 	 53
55 	 47
56 	 51
57 	 52
58 	 44
59 	 39
60 	 37
61 	 46
62 	 36
63 	 38
64 	 40
65 	 34
66 	 27
67 	 26
68 	 30
69 	 28
70 	 20
71 	 17
72 	 25
73 	 12
74 	 15
75 	 10
76 	 22
77 	 18
78 	 14
79 	 19
80 	 9
81 	 6
82 	 13
83 	 2
84 	 5
85 	 7
86 	 8
87 	 3
88 	 1
89 	 23
90 	 11
91 	 24
92 	 29
93 	 16
94 	 31
95 	 21
96 	 33
97 	 32
98 	 35
99 	 45
100 	 43
0 	 42
0 	 49
0 	 48
0 	 41
0 	 50
0 	 53
0 	 0
0 	 0
0 	 0
0 	 0
0 	 0
0 	 0
0 	 0
0 	 0
0 	 0
0 	 0
0 	 0
0 	 0
0 	 0
0 	 0
0 	 0
0 	 0
0 	 0
0 	 0
0 	 0
0 	 0
0 	 0
0 	 0
0 	 0
0 	 0
0 	 0
0 	 0
0 	 0
0 	 0
0 	 0
0 	 0
0 	 0
0 	 0
0 	 0
0 	 0
0 	 0
0 	 0
0 	 0
0 	 0
0 	 0
0 	 0
0 	 0
0 	 0
0 	 0
0 	 0
0 	 0
0 	 0
0 	 0
{{{{{{{{{{{{{{{{{{}}}}}}}}}}}}}}}}}}}}}}}{{{{{{{{{{{}}}}}}}}}}}
pa
b[len]->53
max -> 52 	 ind-> 2
rb
b[len]->53
rb
b[len]->53
53 	 52
54 	 44
55 	 39
56 	 37
57 	 46
58 	 36
59 	 38
60 	 40
61 	 34
62 	 27
63 	 26
64 	 30
65 	 28
66 	 20
67 	 17
68 	 25
69 	 12
70 	 15
71 	 10
72 	 22
73 	 18
74 	 14
75 	 19
76 	 9
77 	 6
78 	 13
79 	 2
80 	 5
81 	 7
82 	 8
83 	 3
84 	 1
85 	 23
86 	 11
87 	 24
88 	 29
89 	 16
90 	 31
91 	 21
92 	 33
93 	 32
94 	 35
95 	 45
96 	 43
97 	 42
98 	 49
99 	 48
100 	 41
0 	 50
0 	 47
0 	 51
0 	 53
0 	 0
0 	 0
0 	 0
0 	 0
0 	 0
0 	 0
0 	 0
0 	 0
0 	 0
0 	 0
0 	 0
0 	 0
0 	 0
0 	 0
0 	 0
0 	 0
0 	 0
0 	 0
0 	 0
0 	 0
0 	 0
0 	 0
0 	 0
0 	 0
0 	 0
0 	 0
0 	 0
0 	 0
0 	 0
0 	 0
0 	 0
0 	 0
0 	 0
0 	 0
0 	 0
0 	 0
0 	 0
0 	 0
0 	 0
0 	 0
0 	 0
0 	 0
0 	 0
0 	 0
0 	 0
0 	 0
0 	 0
0 	 0
{{{{{{{{{{{{{{{{{{}}}}}}}}}}}}}}}}}}}}}}}{{{{{{{{{{{}}}}}}}}}}}
pa
b[len]->53
max -> 51 	 ind-> 49
rrb
b[len]->51
52 	 51
53 	 44
54 	 39
55 	 37
56 	 46
57 	 36
58 	 38
59 	 40
60 	 34
61 	 27
62 	 26
63 	 30
64 	 28
65 	 20
66 	 17
67 	 25
68 	 12
69 	 15
70 	 10
71 	 22
72 	 18
73 	 14
74 	 19
75 	 9
76 	 6
77 	 13
78 	 2
79 	 5
80 	 7
81 	 8
82 	 3
83 	 1
84 	 23
85 	 11
86 	 24
87 	 29
88 	 16
89 	 31
90 	 21
91 	 33
92 	 32
93 	 35
94 	 45
95 	 43
96 	 42
97 	 49
98 	 48
99 	 41
100 	 50
0 	 47
0 	 51
0 	 0
0 	 0
0 	 0
0 	 0
0 	 0
0 	 0
0 	 0
0 	 0
0 	 0
0 	 0
0 	 0
0 	 0
0 	 0
0 	 0
0 	 0
0 	 0
0 	 0
0 	 0
0 	 0
0 	 0
0 	 0
0 	 0
0 	 0
0 	 0
0 	 0
0 	 0
0 	 0
0 	 0
0 	 0
0 	 0
0 	 0
0 	 0
0 	 0
0 	 0
0 	 0
0 	 0
0 	 0
0 	 0
0 	 0
0 	 0
0 	 0
0 	 0
0 	 0
0 	 0
0 	 0
0 	 0
0 	 0
0 	 0
0 	 0
{{{{{{{{{{{{{{{{{{}}}}}}}}}}}}}}}}}}}}}}}{{{{{{{{{{{}}}}}}}}}}}
pa
b[len]->51
max -> 50 	 ind-> 47
rrb
b[len]->47
rrb
b[len]->50
51 	 50
52 	 47
53 	 44
54 	 39
55 	 37
56 	 46
57 	 36
58 	 38
59 	 40
60 	 34
61 	 27
62 	 26
63 	 30
64 	 28
65 	 20
66 	 17
67 	 25
68 	 12
69 	 15
70 	 10
71 	 22
72 	 18
73 	 14
74 	 19
75 	 9
76 	 6
77 	 13
78 	 2
79 	 5
80 	 7
81 	 8
82 	 3
83 	 1
84 	 23
85 	 11
86 	 24
87 	 29
88 	 16
89 	 31
90 	 21
91 	 33
92 	 32
93 	 35
94 	 45
95 	 43
96 	 42
97 	 49
98 	 48
99 	 41
100 	 50
0 	 0
0 	 0
0 	 0
0 	 0
0 	 0
0 	 0
0 	 0
0 	 0
0 	 0
0 	 0
0 	 0
0 	 0
0 	 0
0 	 0
0 	 0
0 	 0
0 	 0
0 	 0
0 	 0
0 	 0
0 	 0
0 	 0
0 	 0
0 	 0
0 	 0
0 	 0
0 	 0
0 	 0
0 	 0
0 	 0
0 	 0
0 	 0
0 	 0
0 	 0
0 	 0
0 	 0
0 	 0
0 	 0
0 	 0
0 	 0
0 	 0
0 	 0
0 	 0
0 	 0
0 	 0
0 	 0
0 	 0
0 	 0
0 	 0
0 	 0
{{{{{{{{{{{{{{{{{{}}}}}}}}}}}}}}}}}}}}}}}{{{{{{{{{{{}}}}}}}}}}}
pa
b[len]->50
max -> 49 	 ind-> 45
rrb
b[len]->41
rrb
b[len]->48
rrb
b[len]->49
50 	 49
51 	 48
52 	 41
53 	 47
54 	 44
55 	 39
56 	 37
57 	 46
58 	 36
59 	 38
60 	 40
61 	 34
62 	 27
63 	 26
64 	 30
65 	 28
66 	 20
67 	 17
68 	 25
69 	 12
70 	 15
71 	 10
72 	 22
73 	 18
74 	 14
75 	 19
76 	 9
77 	 6
78 	 13
79 	 2
80 	 5
81 	 7
82 	 8
83 	 3
84 	 1
85 	 23
86 	 11
87 	 24
88 	 29
89 	 16
90 	 31
91 	 21
92 	 33
93 	 32
94 	 35
95 	 45
96 	 43
97 	 42
98 	 49
99 	 0
100 	 0
0 	 0
0 	 0
0 	 0
0 	 0
0 	 0
0 	 0
0 	 0
0 	 0
0 	 0
0 	 0
0 	 0
0 	 0
0 	 0
0 	 0
0 	 0
0 	 0
0 	 0
0 	 0
0 	 0
0 	 0
0 	 0
0 	 0
0 	 0
0 	 0
0 	 0
0 	 0
0 	 0
0 	 0
0 	 0
0 	 0
0 	 0
0 	 0
0 	 0
0 	 0
0 	 0
0 	 0
0 	 0
0 	 0
0 	 0
0 	 0
0 	 0
0 	 0
0 	 0
0 	 0
0 	 0
0 	 0
0 	 0
0 	 0
0 	 0
{{{{{{{{{{{{{{{{{{}}}}}}}}}}}}}}}}}}}}}}}{{{{{{{{{{{}}}}}}}}}}}
pa
b[len]->49
max -> 48 	 ind-> 0
49 	 48
50 	 41
51 	 47
52 	 44
53 	 39
54 	 37
55 	 46
56 	 36
57 	 38
58 	 40
59 	 34
60 	 27
61 	 26
62 	 30
63 	 28
64 	 20
65 	 17
66 	 25
67 	 12
68 	 15
69 	 10
70 	 22
71 	 18
72 	 14
73 	 19
74 	 9
75 	 6
76 	 13
77 	 2
78 	 5
79 	 7
80 	 8
81 	 3
82 	 1
83 	 23
84 	 11
85 	 24
86 	 29
87 	 16
88 	 31
89 	 21
90 	 33
91 	 32
92 	 35
93 	 45
94 	 43
95 	 42
96 	 49
97 	 0
98 	 0
99 	 0
100 	 0
0 	 0
0 	 0
0 	 0
0 	 0
0 	 0
0 	 0
0 	 0
0 	 0
0 	 0
0 	 0
0 	 0
0 	 0
0 	 0
0 	 0
0 	 0
0 	 0
0 	 0
0 	 0
0 	 0
0 	 0
0 	 0
0 	 0
0 	 0
0 	 0
0 	 0
0 	 0
0 	 0
0 	 0
0 	 0
0 	 0
0 	 0
0 	 0
0 	 0
0 	 0
0 	 0
0 	 0
0 	 0
0 	 0
0 	 0
0 	 0
0 	 0
0 	 0
0 	 0
0 	 0
0 	 0
0 	 0
0 	 0
0 	 0
{{{{{{{{{{{{{{{{{{}}}}}}}}}}}}}}}}}}}}}}}{{{{{{{{{{{}}}}}}}}}}}
pa
b[len]->49
max -> 47 	 ind-> 1
rb
b[len]->49
48 	 47
49 	 44
50 	 39
51 	 37
52 	 46
53 	 36
54 	 38
55 	 40
56 	 34
57 	 27
58 	 26
59 	 30
60 	 28
61 	 20
62 	 17
63 	 25
64 	 12
65 	 15
66 	 10
67 	 22
68 	 18
69 	 14
70 	 19
71 	 9
72 	 6
73 	 13
74 	 2
75 	 5
76 	 7
77 	 8
78 	 3
79 	 1
80 	 23
81 	 11
82 	 24
83 	 29
84 	 16
85 	 31
86 	 21
87 	 33
88 	 32
89 	 35
90 	 45
91 	 43
92 	 42
93 	 41
94 	 49
95 	 0
96 	 0
97 	 0
98 	 0
99 	 0
100 	 0
0 	 0
0 	 0
0 	 0
0 	 0
0 	 0
0 	 0
0 	 0
0 	 0
0 	 0
0 	 0
0 	 0
0 	 0
0 	 0
0 	 0
0 	 0
0 	 0
0 	 0
0 	 0
0 	 0
0 	 0
0 	 0
0 	 0
0 	 0
0 	 0
0 	 0
0 	 0
0 	 0
0 	 0
0 	 0
0 	 0
0 	 0
0 	 0
0 	 0
0 	 0
0 	 0
0 	 0
0 	 0
0 	 0
0 	 0
0 	 0
0 	 0
0 	 0
0 	 0
0 	 0
0 	 0
0 	 0
0 	 0
{{{{{{{{{{{{{{{{{{}}}}}}}}}}}}}}}}}}}}}}}{{{{{{{{{{{}}}}}}}}}}}
pa
b[len]->49
max -> 46 	 ind-> 3
rb
b[len]->49
rb
b[len]->49
rb
b[len]->49
47 	 46
48 	 36
49 	 38
50 	 40
51 	 34
52 	 27
53 	 26
54 	 30
55 	 28
56 	 20
57 	 17
58 	 25
59 	 12
60 	 15
61 	 10
62 	 22
63 	 18
64 	 14
65 	 19
66 	 9
67 	 6
68 	 13
69 	 2
70 	 5
71 	 7
72 	 8
73 	 3
74 	 1
75 	 23
76 	 11
77 	 24
78 	 29
79 	 16
80 	 31
81 	 21
82 	 33
83 	 32
84 	 35
85 	 45
86 	 43
87 	 42
88 	 41
89 	 44
90 	 39
91 	 37
92 	 49
93 	 0
94 	 0
95 	 0
96 	 0
97 	 0
98 	 0
99 	 0
100 	 0
0 	 0
0 	 0
0 	 0
0 	 0
0 	 0
0 	 0
0 	 0
0 	 0
0 	 0
0 	 0
0 	 0
0 	 0
0 	 0
0 	 0
0 	 0
0 	 0
0 	 0
0 	 0
0 	 0
0 	 0
0 	 0
0 	 0
0 	 0
0 	 0
0 	 0
0 	 0
0 	 0
0 	 0
0 	 0
0 	 0
0 	 0
0 	 0
0 	 0
0 	 0
0 	 0
0 	 0
0 	 0
0 	 0
0 	 0
0 	 0
0 	 0
0 	 0
0 	 0
0 	 0
0 	 0
0 	 0
{{{{{{{{{{{{{{{{{{}}}}}}}}}}}}}}}}}}}}}}}{{{{{{{{{{{}}}}}}}}}}}
pa
b[len]->49
max -> 45 	 ind-> 37
rrb
b[len]->37
rrb
b[len]->39
rrb
b[len]->44
rrb
b[len]->41
rrb
b[len]->42
rrb
b[len]->43
rrb
b[len]->45
46 	 45
47 	 43
48 	 42
49 	 41
50 	 44
51 	 39
52 	 37
53 	 36
54 	 38
55 	 40
56 	 34
57 	 27
58 	 26
59 	 30
60 	 28
61 	 20
62 	 17
63 	 25
64 	 12
65 	 15
66 	 10
67 	 22
68 	 18
69 	 14
70 	 19
71 	 9
72 	 6
73 	 13
74 	 2
75 	 5
76 	 7
77 	 8
78 	 3
79 	 1
80 	 23
81 	 11
82 	 24
83 	 29
84 	 16
85 	 31
86 	 21
87 	 33
88 	 32
89 	 35
90 	 45
91 	 0
92 	 0
93 	 0
94 	 0
95 	 0
96 	 0
97 	 0
98 	 0
99 	 0
100 	 0
0 	 0
0 	 0
0 	 0
0 	 0
0 	 0
0 	 0
0 	 0
0 	 0
0 	 0
0 	 0
0 	 0
0 	 0
0 	 0
0 	 0
0 	 0
0 	 0
0 	 0
0 	 0
0 	 0
0 	 0
0 	 0
0 	 0
0 	 0
0 	 0
0 	 0
0 	 0
0 	 0
0 	 0
0 	 0
0 	 0
0 	 0
0 	 0
0 	 0
0 	 0
0 	 0
0 	 0
0 	 0
0 	 0
0 	 0
0 	 0
0 	 0
0 	 0
0 	 0
0 	 0
0 	 0
{{{{{{{{{{{{{{{{{{}}}}}}}}}}}}}}}}}}}}}}}{{{{{{{{{{{}}}}}}}}}}}
pa
b[len]->45
max -> 44 	 ind-> 3
rb
b[len]->45
rb
b[len]->45
rb
b[len]->45
45 	 44
46 	 39
47 	 37
48 	 36
49 	 38
50 	 40
51 	 34
52 	 27
53 	 26
54 	 30
55 	 28
56 	 20
57 	 17
58 	 25
59 	 12
60 	 15
61 	 10
62 	 22
63 	 18
64 	 14
65 	 19
66 	 9
67 	 6
68 	 13
69 	 2
70 	 5
71 	 7
72 	 8
73 	 3
74 	 1
75 	 23
76 	 11
77 	 24
78 	 29
79 	 16
80 	 31
81 	 21
82 	 33
83 	 32
84 	 35
85 	 43
86 	 42
87 	 41
88 	 45
89 	 0
90 	 0
91 	 0
92 	 0
93 	 0
94 	 0
95 	 0
96 	 0
97 	 0
98 	 0
99 	 0
100 	 0
0 	 0
0 	 0
0 	 0
0 	 0
0 	 0
0 	 0
0 	 0
0 	 0
0 	 0
0 	 0
0 	 0
0 	 0
0 	 0
0 	 0
0 	 0
0 	 0
0 	 0
0 	 0
0 	 0
0 	 0
0 	 0
0 	 0
0 	 0
0 	 0
0 	 0
0 	 0
0 	 0
0 	 0
0 	 0
0 	 0
0 	 0
0 	 0
0 	 0
0 	 0
0 	 0
0 	 0
0 	 0
0 	 0
0 	 0
0 	 0
0 	 0
0 	 0
0 	 0
0 	 0
{{{{{{{{{{{{{{{{{{}}}}}}}}}}}}}}}}}}}}}}}{{{{{{{{{{{}}}}}}}}}}}
pa
b[len]->45
max -> 43 	 ind-> 39
rrb
b[len]->41
rrb
b[len]->42
rrb
b[len]->43
44 	 43
45 	 42
46 	 41
47 	 39
48 	 37
49 	 36
50 	 38
51 	 40
52 	 34
53 	 27
54 	 26
55 	 30
56 	 28
57 	 20
58 	 17
59 	 25
60 	 12
61 	 15
62 	 10
63 	 22
64 	 18
65 	 14
66 	 19
67 	 9
68 	 6
69 	 13
70 	 2
71 	 5
72 	 7
73 	 8
74 	 3
75 	 1
76 	 23
77 	 11
78 	 24
79 	 29
80 	 16
81 	 31
82 	 21
83 	 33
84 	 32
85 	 35
86 	 43
87 	 0
88 	 0
89 	 0
90 	 0
91 	 0
92 	 0
93 	 0
94 	 0
95 	 0
96 	 0
97 	 0
98 	 0
99 	 0
100 	 0
0 	 0
0 	 0
0 	 0
0 	 0
0 	 0
0 	 0
0 	 0
0 	 0
0 	 0
0 	 0
0 	 0
0 	 0
0 	 0
0 	 0
0 	 0
0 	 0
0 	 0
0 	 0
0 	 0
0 	 0
0 	 0
0 	 0
0 	 0
0 	 0
0 	 0
0 	 0
0 	 0
0 	 0
0 	 0
0 	 0
0 	 0
0 	 0
0 	 0
0 	 0
0 	 0
0 	 0
0 	 0
0 	 0
0 	 0
0 	 0
0 	 0
0 	 0
0 	 0
{{{{{{{{{{{{{{{{{{}}}}}}}}}}}}}}}}}}}}}}}{{{{{{{{{{{}}}}}}}}}}}
pa
b[len]->43
max -> 42 	 ind-> 0
43 	 42
44 	 41
45 	 39
46 	 37
47 	 36
48 	 38
49 	 40
50 	 34
51 	 27
52 	 26
53 	 30
54 	 28
55 	 20
56 	 17
57 	 25
58 	 12
59 	 15
60 	 10
61 	 22
62 	 18
63 	 14
64 	 19
65 	 9
66 	 6
67 	 13
68 	 2
69 	 5
70 	 7
71 	 8
72 	 3
73 	 1
74 	 23
75 	 11
76 	 24
77 	 29
78 	 16
79 	 31
80 	 21
81 	 33
82 	 32
83 	 35
84 	 43
85 	 0
86 	 0
87 	 0
88 	 0
89 	 0
90 	 0
91 	 0
92 	 0
93 	 0
94 	 0
95 	 0
96 	 0
97 	 0
98 	 0
99 	 0
100 	 0
0 	 0
0 	 0
0 	 0
0 	 0
0 	 0
0 	 0
0 	 0
0 	 0
0 	 0
0 	 0
0 	 0
0 	 0
0 	 0
0 	 0
0 	 0
0 	 0
0 	 0
0 	 0
0 	 0
0 	 0
0 	 0
0 	 0
0 	 0
0 	 0
0 	 0
0 	 0
0 	 0
0 	 0
0 	 0
0 	 0
0 	 0
0 	 0
0 	 0
0 	 0
0 	 0
0 	 0
0 	 0
0 	 0
0 	 0
0 	 0
0 	 0
0 	 0
{{{{{{{{{{{{{{{{{{}}}}}}}}}}}}}}}}}}}}}}}{{{{{{{{{{{}}}}}}}}}}}
pa
b[len]->43
max -> 41 	 ind-> 0
42 	 41
43 	 39
44 	 37
45 	 36
46 	 38
47 	 40
48 	 34
49 	 27
50 	 26
51 	 30
52 	 28
53 	 20
54 	 17
55 	 25
56 	 12
57 	 15
58 	 10
59 	 22
60 	 18
61 	 14
62 	 19
63 	 9
64 	 6
65 	 13
66 	 2
67 	 5
68 	 7
69 	 8
70 	 3
71 	 1
72 	 23
73 	 11
74 	 24
75 	 29
76 	 16
77 	 31
78 	 21
79 	 33
80 	 32
81 	 35
82 	 43
83 	 0
84 	 0
85 	 0
86 	 0
87 	 0
88 	 0
89 	 0
90 	 0
91 	 0
92 	 0
93 	 0
94 	 0
95 	 0
96 	 0
97 	 0
98 	 0
99 	 0
100 	 0
0 	 0
0 	 0
0 	 0
0 	 0
0 	 0
0 	 0
0 	 0
0 	 0
0 	 0
0 	 0
0 	 0
0 	 0
0 	 0
0 	 0
0 	 0
0 	 0
0 	 0
0 	 0
0 	 0
0 	 0
0 	 0
0 	 0
0 	 0
0 	 0
0 	 0
0 	 0
0 	 0
0 	 0
0 	 0
0 	 0
0 	 0
0 	 0
0 	 0
0 	 0
0 	 0
0 	 0
0 	 0
0 	 0
0 	 0
0 	 0
0 	 0
{{{{{{{{{{{{{{{{{{}}}}}}}}}}}}}}}}}}}}}}}{{{{{{{{{{{}}}}}}}}}}}
pa
b[len]->43
max -> 40 	 ind-> 4
rb
b[len]->43
rb
b[len]->43
rb
b[len]->43
rb
b[len]->43
41 	 40
42 	 34
43 	 27
44 	 26
45 	 30
46 	 28
47 	 20
48 	 17
49 	 25
50 	 12
51 	 15
52 	 10
53 	 22
54 	 18
55 	 14
56 	 19
57 	 9
58 	 6
59 	 13
60 	 2
61 	 5
62 	 7
63 	 8
64 	 3
65 	 1
66 	 23
67 	 11
68 	 24
69 	 29
70 	 16
71 	 31
72 	 21
73 	 33
74 	 32
75 	 35
76 	 39
77 	 37
78 	 36
79 	 38
80 	 43
81 	 0
82 	 0
83 	 0
84 	 0
85 	 0
86 	 0
87 	 0
88 	 0
89 	 0
90 	 0
91 	 0
92 	 0
93 	 0
94 	 0
95 	 0
96 	 0
97 	 0
98 	 0
99 	 0
100 	 0
0 	 0
0 	 0
0 	 0
0 	 0
0 	 0
0 	 0
0 	 0
0 	 0
0 	 0
0 	 0
0 	 0
0 	 0
0 	 0
0 	 0
0 	 0
0 	 0
0 	 0
0 	 0
0 	 0
0 	 0
0 	 0
0 	 0
0 	 0
0 	 0
0 	 0
0 	 0
0 	 0
0 	 0
0 	 0
0 	 0
0 	 0
0 	 0
0 	 0
0 	 0
0 	 0
0 	 0
0 	 0
0 	 0
0 	 0
0 	 0
{{{{{{{{{{{{{{{{{{}}}}}}}}}}}}}}}}}}}}}}}{{{{{{{{{{{}}}}}}}}}}}
pa
b[len]->43
max -> 39 	 ind-> 34
rrb
b[len]->38
rrb
b[len]->36
rrb
b[len]->37
rrb
b[len]->39
40 	 39
41 	 37
42 	 36
43 	 38
44 	 34
45 	 27
46 	 26
47 	 30
48 	 28
49 	 20
50 	 17
51 	 25
52 	 12
53 	 15
54 	 10
55 	 22
56 	 18
57 	 14
58 	 19
59 	 9
60 	 6
61 	 13
62 	 2
63 	 5
64 	 7
65 	 8
66 	 3
67 	 1
68 	 23
69 	 11
70 	 24
71 	 29
72 	 16
73 	 31
74 	 21
75 	 33
76 	 32
77 	 35
78 	 39
79 	 0
80 	 0
81 	 0
82 	 0
83 	 0
84 	 0
85 	 0
86 	 0
87 	 0
88 	 0
89 	 0
90 	 0
91 	 0
92 	 0
93 	 0
94 	 0
95 	 0
96 	 0
97 	 0
98 	 0
99 	 0
100 	 0
0 	 0
0 	 0
0 	 0
0 	 0
0 	 0
0 	 0
0 	 0
0 	 0
0 	 0
0 	 0
0 	 0
0 	 0
0 	 0
0 	 0
0 	 0
0 	 0
0 	 0
0 	 0
0 	 0
0 	 0
0 	 0
0 	 0
0 	 0
0 	 0
0 	 0
0 	 0
0 	 0
0 	 0
0 	 0
0 	 0
0 	 0
0 	 0
0 	 0
0 	 0
0 	 0
0 	 0
0 	 0
0 	 0
0 	 0
{{{{{{{{{{{{{{{{{{}}}}}}}}}}}}}}}}}}}}}}}{{{{{{{{{{{}}}}}}}}}}}
pa
b[len]->39
max -> 38 	 ind-> 2
rb
b[len]->39
rb
b[len]->39
39 	 38
40 	 34
41 	 27
42 	 26
43 	 30
44 	 28
45 	 20
46 	 17
47 	 25
48 	 12
49 	 15
50 	 10
51 	 22
52 	 18
53 	 14
54 	 19
55 	 9
56 	 6
57 	 13
58 	 2
59 	 5
60 	 7
61 	 8
62 	 3
63 	 1
64 	 23
65 	 11
66 	 24
67 	 29
68 	 16
69 	 31
70 	 21
71 	 33
72 	 32
73 	 35
74 	 37
75 	 36
76 	 39
77 	 0
78 	 0
79 	 0
80 	 0
81 	 0
82 	 0
83 	 0
84 	 0
85 	 0
86 	 0
87 	 0
88 	 0
89 	 0
90 	 0
91 	 0
92 	 0
93 	 0
94 	 0
95 	 0
96 	 0
97 	 0
98 	 0
99 	 0
100 	 0
0 	 0
0 	 0
0 	 0
0 	 0
0 	 0
0 	 0
0 	 0
0 	 0
0 	 0
0 	 0
0 	 0
0 	 0
0 	 0
0 	 0
0 	 0
0 	 0
0 	 0
0 	 0
0 	 0
0 	 0
0 	 0
0 	 0
0 	 0
0 	 0
0 	 0
0 	 0
0 	 0
0 	 0
0 	 0
0 	 0
0 	 0
0 	 0
0 	 0
0 	 0
0 	 0
0 	 0
0 	 0
0 	 0
{{{{{{{{{{{{{{{{{{}}}}}}}}}}}}}}}}}}}}}}}{{{{{{{{{{{}}}}}}}}}}}
pa
b[len]->39
max -> 37 	 ind-> 34
rrb
b[len]->36
rrb
b[len]->37
38 	 37
39 	 36
40 	 34
41 	 27
42 	 26
43 	 30
44 	 28
45 	 20
46 	 17
47 	 25
48 	 12
49 	 15
50 	 10
51 	 22
52 	 18
53 	 14
54 	 19
55 	 9
56 	 6
57 	 13
58 	 2
59 	 5
60 	 7
61 	 8
62 	 3
63 	 1
64 	 23
65 	 11
66 	 24
67 	 29
68 	 16
69 	 31
70 	 21
71 	 33
72 	 32
73 	 35
74 	 37
75 	 0
76 	 0
77 	 0
78 	 0
79 	 0
80 	 0
81 	 0
82 	 0
83 	 0
84 	 0
85 	 0
86 	 0
87 	 0
88 	 0
89 	 0
90 	 0
91 	 0
92 	 0
93 	 0
94 	 0
95 	 0
96 	 0
97 	 0
98 	 0
99 	 0
100 	 0
0 	 0
0 	 0
0 	 0
0 	 0
0 	 0
0 	 0
0 	 0
0 	 0
0 	 0
0 	 0
0 	 0
0 	 0
0 	 0
0 	 0
0 	 0
0 	 0
0 	 0
0 	 0
0 	 0
0 	 0
0 	 0
0 	 0
0 	 0
0 	 0
0 	 0
0 	 0
0 	 0
0 	 0
0 	 0
0 	 0
0 	 0
0 	 0
0 	 0
0 	 0
0 	 0
0 	 0
0 	 0
{{{{{{{{{{{{{{{{{{}}}}}}}}}}}}}}}}}}}}}}}{{{{{{{{{{{}}}}}}}}}}}
pa
b[len]->37
max -> 36 	 ind-> 0
37 	 36
38 	 34
39 	 27
40 	 26
41 	 30
42 	 28
43 	 20
44 	 17
45 	 25
46 	 12
47 	 15
48 	 10
49 	 22
50 	 18
51 	 14
52 	 19
53 	 9
54 	 6
55 	 13
56 	 2
57 	 5
58 	 7
59 	 8
60 	 3
61 	 1
62 	 23
63 	 11
64 	 24
65 	 29
66 	 16
67 	 31
68 	 21
69 	 33
70 	 32
71 	 35
72 	 37
73 	 0
74 	 0
75 	 0
76 	 0
77 	 0
78 	 0
79 	 0
80 	 0
81 	 0
82 	 0
83 	 0
84 	 0
85 	 0
86 	 0
87 	 0
88 	 0
89 	 0
90 	 0
91 	 0
92 	 0
93 	 0
94 	 0
95 	 0
96 	 0
97 	 0
98 	 0
99 	 0
100 	 0
0 	 0
0 	 0
0 	 0
0 	 0
0 	 0
0 	 0
0 	 0
0 	 0
0 	 0
0 	 0
0 	 0
0 	 0
0 	 0
0 	 0
0 	 0
0 	 0
0 	 0
0 	 0
0 	 0
0 	 0
0 	 0
0 	 0
0 	 0
0 	 0
0 	 0
0 	 0
0 	 0
0 	 0
0 	 0
0 	 0
0 	 0
0 	 0
0 	 0
0 	 0
0 	 0
0 	 0
{{{{{{{{{{{{{{{{{{}}}}}}}}}}}}}}}}}}}}}}}{{{{{{{{{{{}}}}}}}}}}}
pa
b[len]->37
max -> 35 	 ind-> 33
rrb
b[len]->35
36 	 35
37 	 34
38 	 27
39 	 26
40 	 30
41 	 28
42 	 20
43 	 17
44 	 25
45 	 12
46 	 15
47 	 10
48 	 22
49 	 18
50 	 14
51 	 19
52 	 9
53 	 6
54 	 13
55 	 2
56 	 5
57 	 7
58 	 8
59 	 3
60 	 1
61 	 23
62 	 11
63 	 24
64 	 29
65 	 16
66 	 31
67 	 21
68 	 33
69 	 32
70 	 35
71 	 0
72 	 0
73 	 0
74 	 0
75 	 0
76 	 0
77 	 0
78 	 0
79 	 0
80 	 0
81 	 0
82 	 0
83 	 0
84 	 0
85 	 0
86 	 0
87 	 0
88 	 0
89 	 0
90 	 0
91 	 0
92 	 0
93 	 0
94 	 0
95 	 0
96 	 0
97 	 0
98 	 0
99 	 0
100 	 0
0 	 0
0 	 0
0 	 0
0 	 0
0 	 0
0 	 0
0 	 0
0 	 0
0 	 0
0 	 0
0 	 0
0 	 0
0 	 0
0 	 0
0 	 0
0 	 0
0 	 0
0 	 0
0 	 0
0 	 0
0 	 0
0 	 0
0 	 0
0 	 0
0 	 0
0 	 0
0 	 0
0 	 0
0 	 0
0 	 0
0 	 0
0 	 0
0 	 0
0 	 0
0 	 0
{{{{{{{{{{{{{{{{{{}}}}}}}}}}}}}}}}}}}}}}}{{{{{{{{{{{}}}}}}}}}}}
pa
b[len]->35
max -> 34 	 ind-> 0
35 	 34
36 	 27
37 	 26
38 	 30
39 	 28
40 	 20
41 	 17
42 	 25
43 	 12
44 	 15
45 	 10
46 	 22
47 	 18
48 	 14
49 	 19
50 	 9
51 	 6
52 	 13
53 	 2
54 	 5
55 	 7
56 	 8
57 	 3
58 	 1
59 	 23
60 	 11
61 	 24
62 	 29
63 	 16
64 	 31
65 	 21
66 	 33
67 	 32
68 	 35
69 	 0
70 	 0
71 	 0
72 	 0
73 	 0
74 	 0
75 	 0
76 	 0
77 	 0
78 	 0
79 	 0
80 	 0
81 	 0
82 	 0
83 	 0
84 	 0
85 	 0
86 	 0
87 	 0
88 	 0
89 	 0
90 	 0
91 	 0
92 	 0
93 	 0
94 	 0
95 	 0
96 	 0
97 	 0
98 	 0
99 	 0
100 	 0
0 	 0
0 	 0
0 	 0
0 	 0
0 	 0
0 	 0
0 	 0
0 	 0
0 	 0
0 	 0
0 	 0
0 	 0
0 	 0
0 	 0
0 	 0
0 	 0
0 	 0
0 	 0
0 	 0
0 	 0
0 	 0
0 	 0
0 	 0
0 	 0
0 	 0
0 	 0
0 	 0
0 	 0
0 	 0
0 	 0
0 	 0
0 	 0
0 	 0
0 	 0
{{{{{{{{{{{{{{{{{{}}}}}}}}}}}}}}}}}}}}}}}{{{{{{{{{{{}}}}}}}}}}}
pa
b[len]->35
max -> 33 	 ind-> 30
rrb
b[len]->32
rrb
b[len]->33
34 	 33
35 	 32
36 	 27
37 	 26
38 	 30
39 	 28
40 	 20
41 	 17
42 	 25
43 	 12
44 	 15
45 	 10
46 	 22
47 	 18
48 	 14
49 	 19
50 	 9
51 	 6
52 	 13
53 	 2
54 	 5
55 	 7
56 	 8
57 	 3
58 	 1
59 	 23
60 	 11
61 	 24
62 	 29
63 	 16
64 	 31
65 	 21
66 	 33
67 	 0
68 	 0
69 	 0
70 	 0
71 	 0
72 	 0
73 	 0
74 	 0
75 	 0
76 	 0
77 	 0
78 	 0
79 	 0
80 	 0
81 	 0
82 	 0
83 	 0
84 	 0
85 	 0
86 	 0
87 	 0
88 	 0
89 	 0
90 	 0
91 	 0
92 	 0
93 	 0
94 	 0
95 	 0
96 	 0
97 	 0
98 	 0
99 	 0
100 	 0
0 	 0
0 	 0
0 	 0
0 	 0
0 	 0
0 	 0
0 	 0
0 	 0
0 	 0
0 	 0
0 	 0
0 	 0
0 	 0
0 	 0
0 	 0
0 	 0
0 	 0
0 	 0
0 	 0
0 	 0
0 	 0
0 	 0
0 	 0
0 	 0
0 	 0
0 	 0
0 	 0
0 	 0
0 	 0
0 	 0
0 	 0
0 	 0
0 	 0
{{{{{{{{{{{{{{{{{{}}}}}}}}}}}}}}}}}}}}}}}{{{{{{{{{{{}}}}}}}}}}}
pa
b[len]->33
max -> 32 	 ind-> 0
33 	 32
34 	 27
35 	 26
36 	 30
37 	 28
38 	 20
39 	 17
40 	 25
41 	 12
42 	 15
43 	 10
44 	 22
45 	 18
46 	 14
47 	 19
48 	 9
49 	 6
50 	 13
51 	 2
52 	 5
53 	 7
54 	 8
55 	 3
56 	 1
57 	 23
58 	 11
59 	 24
60 	 29
61 	 16
62 	 31
63 	 21
64 	 33
65 	 0
66 	 0
67 	 0
68 	 0
69 	 0
70 	 0
71 	 0
72 	 0
73 	 0
74 	 0
75 	 0
76 	 0
77 	 0
78 	 0
79 	 0
80 	 0
81 	 0
82 	 0
83 	 0
84 	 0
85 	 0
86 	 0
87 	 0
88 	 0
89 	 0
90 	 0
91 	 0
92 	 0
93 	 0
94 	 0
95 	 0
96 	 0
97 	 0
98 	 0
99 	 0
100 	 0
0 	 0
0 	 0
0 	 0
0 	 0
0 	 0
0 	 0
0 	 0
0 	 0
0 	 0
0 	 0
0 	 0
0 	 0
0 	 0
0 	 0
0 	 0
0 	 0
0 	 0
0 	 0
0 	 0
0 	 0
0 	 0
0 	 0
0 	 0
0 	 0
0 	 0
0 	 0
0 	 0
0 	 0
0 	 0
0 	 0
0 	 0
0 	 0
{{{{{{{{{{{{{{{{{{}}}}}}}}}}}}}}}}}}}}}}}{{{{{{{{{{{}}}}}}}}}}}
pa
b[len]->33
max -> 31 	 ind-> 28
rrb
b[len]->21
rrb
b[len]->31
32 	 31
33 	 21
34 	 27
35 	 26
36 	 30
37 	 28
38 	 20
39 	 17
40 	 25
41 	 12
42 	 15
43 	 10
44 	 22
45 	 18
46 	 14
47 	 19
48 	 9
49 	 6
50 	 13
51 	 2
52 	 5
53 	 7
54 	 8
55 	 3
56 	 1
57 	 23
58 	 11
59 	 24
60 	 29
61 	 16
62 	 31
63 	 0
64 	 0
65 	 0
66 	 0
67 	 0
68 	 0
69 	 0
70 	 0
71 	 0
72 	 0
73 	 0
74 	 0
75 	 0
76 	 0
77 	 0
78 	 0
79 	 0
80 	 0
81 	 0
82 	 0
83 	 0
84 	 0
85 	 0
86 	 0
87 	 0
88 	 0
89 	 0
90 	 0
91 	 0
92 	 0
93 	 0
94 	 0
95 	 0
96 	 0
97 	 0
98 	 0
99 	 0
100 	 0
0 	 0
0 	 0
0 	 0
0 	 0
0 	 0
0 	 0
0 	 0
0 	 0
0 	 0
0 	 0
0 	 0
0 	 0
0 	 0
0 	 0
0 	 0
0 	 0
0 	 0
0 	 0
0 	 0
0 	 0
0 	 0
0 	 0
0 	 0
0 	 0
0 	 0
0 	 0
0 	 0
0 	 0
0 	 0
0 	 0
0 	 0
{{{{{{{{{{{{{{{{{{}}}}}}}}}}}}}}}}}}}}}}}{{{{{{{{{{{}}}}}}}}}}}
pa
b[len]->31
max -> 30 	 ind-> 3
rb
b[len]->31
rb
b[len]->31
rb
b[len]->31
31 	 30
32 	 28
33 	 20
34 	 17
35 	 25
36 	 12
37 	 15
38 	 10
39 	 22
40 	 18
41 	 14
42 	 19
43 	 9
44 	 6
45 	 13
46 	 2
47 	 5
48 	 7
49 	 8
50 	 3
51 	 1
52 	 23
53 	 11
54 	 24
55 	 29
56 	 16
57 	 21
58 	 27
59 	 26
60 	 31
61 	 0
62 	 0
63 	 0
64 	 0
65 	 0
66 	 0
67 	 0
68 	 0
69 	 0
70 	 0
71 	 0
72 	 0
73 	 0
74 	 0
75 	 0
76 	 0
77 	 0
78 	 0
79 	 0
80 	 0
81 	 0
82 	 0
83 	 0
84 	 0
85 	 0
86 	 0
87 	 0
88 	 0
89 	 0
90 	 0
91 	 0
92 	 0
93 	 0
94 	 0
95 	 0
96 	 0
97 	 0
98 	 0
99 	 0
100 	 0
0 	 0
0 	 0
0 	 0
0 	 0
0 	 0
0 	 0
0 	 0
0 	 0
0 	 0
0 	 0
0 	 0
0 	 0
0 	 0
0 	 0
0 	 0
0 	 0
0 	 0
0 	 0
0 	 0
0 	 0
0 	 0
0 	 0
0 	 0
0 	 0
0 	 0
0 	 0
0 	 0
0 	 0
0 	 0
0 	 0
{{{{{{{{{{{{{{{{{{}}}}}}}}}}}}}}}}}}}}}}}{{{{{{{{{{{}}}}}}}}}}}
pa
b[len]->31
max -> 29 	 ind-> 23
rrb
b[len]->26
rrb
b[len]->27
rrb
b[len]->21
rrb
b[len]->16
rrb
b[len]->29
30 	 29
31 	 16
32 	 21
33 	 27
34 	 26
35 	 28
36 	 20
37 	 17
38 	 25
39 	 12
40 	 15
41 	 10
42 	 22
43 	 18
44 	 14
45 	 19
46 	 9
47 	 6
48 	 13
49 	 2
50 	 5
51 	 7
52 	 8
53 	 3
54 	 1
55 	 23
56 	 11
57 	 24
58 	 29
59 	 0
60 	 0
61 	 0
62 	 0
63 	 0
64 	 0
65 	 0
66 	 0
67 	 0
68 	 0
69 	 0
70 	 0
71 	 0
72 	 0
73 	 0
74 	 0
75 	 0
76 	 0
77 	 0
78 	 0
79 	 0
80 	 0
81 	 0
82 	 0
83 	 0
84 	 0
85 	 0
86 	 0
87 	 0
88 	 0
89 	 0
90 	 0
91 	 0
92 	 0
93 	 0
94 	 0
95 	 0
96 	 0
97 	 0
98 	 0
99 	 0
100 	 0
0 	 0
0 	 0
0 	 0
0 	 0
0 	 0
0 	 0
0 	 0
0 	 0
0 	 0
0 	 0
0 	 0
0 	 0
0 	 0
0 	 0
0 	 0
0 	 0
0 	 0
0 	 0
0 	 0
0 	 0
0 	 0
0 	 0
0 	 0
0 	 0
0 	 0
0 	 0
0 	 0
0 	 0
0 	 0
{{{{{{{{{{{{{{{{{{}}}}}}}}}}}}}}}}}}}}}}}{{{{{{{{{{{}}}}}}}}}}}
pa
b[len]->29
max -> 28 	 ind-> 4
rb
b[len]->29
rb
b[len]->29
rb
b[len]->29
rb
b[len]->29
29 	 28
30 	 20
31 	 17
32 	 25
33 	 12
34 	 15
35 	 10
36 	 22
37 	 18
38 	 14
39 	 19
40 	 9
41 	 6
42 	 13
43 	 2
44 	 5
45 	 7
46 	 8
47 	 3
48 	 1
49 	 23
50 	 11
51 	 24
52 	 16
53 	 21
54 	 27
55 	 26
56 	 29
57 	 0
58 	 0
59 	 0
60 	 0
61 	 0
62 	 0
63 	 0
64 	 0
65 	 0
66 	 0
67 	 0
68 	 0
69 	 0
70 	 0
71 	 0
72 	 0
73 	 0
74 	 0
75 	 0
76 	 0
77 	 0
78 	 0
79 	 0
80 	 0
81 	 0
82 	 0
83 	 0
84 	 0
85 	 0
86 	 0
87 	 0
88 	 0
89 	 0
90 	 0
91 	 0
92 	 0
93 	 0
94 	 0
95 	 0
96 	 0
97 	 0
98 	 0
99 	 0
100 	 0
0 	 0
0 	 0
0 	 0
0 	 0
0 	 0
0 	 0
0 	 0
0 	 0
0 	 0
0 	 0
0 	 0
0 	 0
0 	 0
0 	 0
0 	 0
0 	 0
0 	 0
0 	 0
0 	 0
0 	 0
0 	 0
0 	 0
0 	 0
0 	 0
0 	 0
0 	 0
0 	 0
0 	 0
{{{{{{{{{{{{{{{{{{}}}}}}}}}}}}}}}}}}}}}}}{{{{{{{{{{{}}}}}}}}}}}
pa
b[len]->29
max -> 27 	 ind-> 24
rrb
b[len]->26
rrb
b[len]->27
28 	 27
29 	 26
30 	 20
31 	 17
32 	 25
33 	 12
34 	 15
35 	 10
36 	 22
37 	 18
38 	 14
39 	 19
40 	 9
41 	 6
42 	 13
43 	 2
44 	 5
45 	 7
46 	 8
47 	 3
48 	 1
49 	 23
50 	 11
51 	 24
52 	 16
53 	 21
54 	 27
55 	 0
56 	 0
57 	 0
58 	 0
59 	 0
60 	 0
61 	 0
62 	 0
63 	 0
64 	 0
65 	 0
66 	 0
67 	 0
68 	 0
69 	 0
70 	 0
71 	 0
72 	 0
73 	 0
74 	 0
75 	 0
76 	 0
77 	 0
78 	 0
79 	 0
80 	 0
81 	 0
82 	 0
83 	 0
84 	 0
85 	 0
86 	 0
87 	 0
88 	 0
89 	 0
90 	 0
91 	 0
92 	 0
93 	 0
94 	 0
95 	 0
96 	 0
97 	 0
98 	 0
99 	 0
100 	 0
0 	 0
0 	 0
0 	 0
0 	 0
0 	 0
0 	 0
0 	 0
0 	 0
0 	 0
0 	 0
0 	 0
0 	 0
0 	 0
0 	 0
0 	 0
0 	 0
0 	 0
0 	 0
0 	 0
0 	 0
0 	 0
0 	 0
0 	 0
0 	 0
0 	 0
0 	 0
0 	 0
{{{{{{{{{{{{{{{{{{}}}}}}}}}}}}}}}}}}}}}}}{{{{{{{{{{{}}}}}}}}}}}
pa
b[len]->27
max -> 26 	 ind-> 0
27 	 26
28 	 20
29 	 17
30 	 25
31 	 12
32 	 15
33 	 10
34 	 22
35 	 18
36 	 14
37 	 19
38 	 9
39 	 6
40 	 13
41 	 2
42 	 5
43 	 7
44 	 8
45 	 3
46 	 1
47 	 23
48 	 11
49 	 24
50 	 16
51 	 21
52 	 27
53 	 0
54 	 0
55 	 0
56 	 0
57 	 0
58 	 0
59 	 0
60 	 0
61 	 0
62 	 0
63 	 0
64 	 0
65 	 0
66 	 0
67 	 0
68 	 0
69 	 0
70 	 0
71 	 0
72 	 0
73 	 0
74 	 0
75 	 0
76 	 0
77 	 0
78 	 0
79 	 0
80 	 0
81 	 0
82 	 0
83 	 0
84 	 0
85 	 0
86 	 0
87 	 0
88 	 0
89 	 0
90 	 0
91 	 0
92 	 0
93 	 0
94 	 0
95 	 0
96 	 0
97 	 0
98 	 0
99 	 0
100 	 0
0 	 0
0 	 0
0 	 0
0 	 0
0 	 0
0 	 0
0 	 0
0 	 0
0 	 0
0 	 0
0 	 0
0 	 0
0 	 0
0 	 0
0 	 0
0 	 0
0 	 0
0 	 0
0 	 0
0 	 0
0 	 0
0 	 0
0 	 0
0 	 0
0 	 0
0 	 0
{{{{{{{{{{{{{{{{{{}}}}}}}}}}}}}}}}}}}}}}}{{{{{{{{{{{}}}}}}}}}}}
pa
b[len]->27
max -> 25 	 ind-> 2
rb
b[len]->27
rb
b[len]->27
26 	 25
27 	 12
28 	 15
29 	 10
30 	 22
31 	 18
32 	 14
33 	 19
34 	 9
35 	 6
36 	 13
37 	 2
38 	 5
39 	 7
40 	 8
41 	 3
42 	 1
43 	 23
44 	 11
45 	 24
46 	 16
47 	 21
48 	 20
49 	 17
50 	 27
51 	 0
52 	 0
53 	 0
54 	 0
55 	 0
56 	 0
57 	 0
58 	 0
59 	 0
60 	 0
61 	 0
62 	 0
63 	 0
64 	 0
65 	 0
66 	 0
67 	 0
68 	 0
69 	 0
70 	 0
71 	 0
72 	 0
73 	 0
74 	 0
75 	 0
76 	 0
77 	 0
78 	 0
79 	 0
80 	 0
81 	 0
82 	 0
83 	 0
84 	 0
85 	 0
86 	 0
87 	 0
88 	 0
89 	 0
90 	 0
91 	 0
92 	 0
93 	 0
94 	 0
95 	 0
96 	 0
97 	 0
98 	 0
99 	 0
100 	 0
0 	 0
0 	 0
0 	 0
0 	 0
0 	 0
0 	 0
0 	 0
0 	 0
0 	 0
0 	 0
0 	 0
0 	 0
0 	 0
0 	 0
0 	 0
0 	 0
0 	 0
0 	 0
0 	 0
0 	 0
0 	 0
0 	 0
0 	 0
0 	 0
0 	 0
{{{{{{{{{{{{{{{{{{}}}}}}}}}}}}}}}}}}}}}}}{{{{{{{{{{{}}}}}}}}}}}
pa
b[len]->27
max -> 24 	 ind-> 18
rrb
b[len]->17
rrb
b[len]->20
rrb
b[len]->21
rrb
b[len]->16
rrb
b[len]->24
25 	 24
26 	 16
27 	 21
28 	 20
29 	 17
30 	 12
31 	 15
32 	 10
33 	 22
34 	 18
35 	 14
36 	 19
37 	 9
38 	 6
39 	 13
40 	 2
41 	 5
42 	 7
43 	 8
44 	 3
45 	 1
46 	 23
47 	 11
48 	 24
49 	 0
50 	 0
51 	 0
52 	 0
53 	 0
54 	 0
55 	 0
56 	 0
57 	 0
58 	 0
59 	 0
60 	 0
61 	 0
62 	 0
63 	 0
64 	 0
65 	 0
66 	 0
67 	 0
68 	 0
69 	 0
70 	 0
71 	 0
72 	 0
73 	 0
74 	 0
75 	 0
76 	 0
77 	 0
78 	 0
79 	 0
80 	 0
81 	 0
82 	 0
83 	 0
84 	 0
85 	 0
86 	 0
87 	 0
88 	 0
89 	 0
90 	 0
91 	 0
92 	 0
93 	 0
94 	 0
95 	 0
96 	 0
97 	 0
98 	 0
99 	 0
100 	 0
0 	 0
0 	 0
0 	 0
0 	 0
0 	 0
0 	 0
0 	 0
0 	 0
0 	 0
0 	 0
0 	 0
0 	 0
0 	 0
0 	 0
0 	 0
0 	 0
0 	 0
0 	 0
0 	 0
0 	 0
0 	 0
0 	 0
0 	 0
0 	 0
{{{{{{{{{{{{{{{{{{}}}}}}}}}}}}}}}}}}}}}}}{{{{{{{{{{{}}}}}}}}}}}
pa
b[len]->24
max -> 23 	 ind-> 20
rrb
b[len]->11
rrb
b[len]->23
24 	 23
25 	 11
26 	 16
27 	 21
28 	 20
29 	 17
30 	 12
31 	 15
32 	 10
33 	 22
34 	 18
35 	 14
36 	 19
37 	 9
38 	 6
39 	 13
40 	 2
41 	 5
42 	 7
43 	 8
44 	 3
45 	 1
46 	 23
47 	 0
48 	 0
49 	 0
50 	 0
51 	 0
52 	 0
53 	 0
54 	 0
55 	 0
56 	 0
57 	 0
58 	 0
59 	 0
60 	 0
61 	 0
62 	 0
63 	 0
64 	 0
65 	 0
66 	 0
67 	 0
68 	 0
69 	 0
70 	 0
71 	 0
72 	 0
73 	 0
74 	 0
75 	 0
76 	 0
77 	 0
78 	 0
79 	 0
80 	 0
81 	 0
82 	 0
83 	 0
84 	 0
85 	 0
86 	 0
87 	 0
88 	 0
89 	 0
90 	 0
91 	 0
92 	 0
93 	 0
94 	 0
95 	 0
96 	 0
97 	 0
98 	 0
99 	 0
100 	 0
0 	 0
0 	 0
0 	 0
0 	 0
0 	 0
0 	 0
0 	 0
0 	 0
0 	 0
0 	 0
0 	 0
0 	 0
0 	 0
0 	 0
0 	 0
0 	 0
0 	 0
0 	 0
0 	 0
0 	 0
0 	 0
0 	 0
0 	 0
{{{{{{{{{{{{{{{{{{}}}}}}}}}}}}}}}}}}}}}}}{{{{{{{{{{{}}}}}}}}}}}
pa
b[len]->23
max -> 22 	 ind-> 8
rb
b[len]->23
rb
b[len]->23
rb
b[len]->23
rb
b[len]->23
rb
b[len]->23
rb
b[len]->23
rb
b[len]->23
rb
b[len]->23
23 	 22
24 	 18
25 	 14
26 	 19
27 	 9
28 	 6
29 	 13
30 	 2
31 	 5
32 	 7
33 	 8
34 	 3
35 	 1
36 	 11
37 	 16
38 	 21
39 	 20
40 	 17
41 	 12
42 	 15
43 	 10
44 	 23
45 	 0
46 	 0
47 	 0
48 	 0
49 	 0
50 	 0
51 	 0
52 	 0
53 	 0
54 	 0
55 	 0
56 	 0
57 	 0
58 	 0
59 	 0
60 	 0
61 	 0
62 	 0
63 	 0
64 	 0
65 	 0
66 	 0
67 	 0
68 	 0
69 	 0
70 	 0
71 	 0
72 	 0
73 	 0
74 	 0
75 	 0
76 	 0
77 	 0
78 	 0
79 	 0
80 	 0
81 	 0
82 	 0
83 	 0
84 	 0
85 	 0
86 	 0
87 	 0
88 	 0
89 	 0
90 	 0
91 	 0
92 	 0
93 	 0
94 	 0
95 	 0
96 	 0
97 	 0
98 	 0
99 	 0
100 	 0
0 	 0
0 	 0
0 	 0
0 	 0
0 	 0
0 	 0
0 	 0
0 	 0
0 	 0
0 	 0
0 	 0
0 	 0
0 	 0
0 	 0
0 	 0
0 	 0
0 	 0
0 	 0
0 	 0
0 	 0
0 	 0
0 	 0
{{{{{{{{{{{{{{{{{{}}}}}}}}}}}}}}}}}}}}}}}{{{{{{{{{{{}}}}}}}}}}}
pa
b[len]->23
max -> 21 	 ind-> 14
rrb
b[len]->10
rrb
b[len]->15
rrb
b[len]->12
rrb
b[len]->17
rrb
b[len]->20
rrb
b[len]->21
22 	 21
23 	 20
24 	 17
25 	 12
26 	 15
27 	 10
28 	 18
29 	 14
30 	 19
31 	 9
32 	 6
33 	 13
34 	 2
35 	 5
36 	 7
37 	 8
38 	 3
39 	 1
40 	 11
41 	 16
42 	 21
43 	 0
44 	 0
45 	 0
46 	 0
47 	 0
48 	 0
49 	 0
50 	 0
51 	 0
52 	 0
53 	 0
54 	 0
55 	 0
56 	 0
57 	 0
58 	 0
59 	 0
60 	 0
61 	 0
62 	 0
63 	 0
64 	 0
65 	 0
66 	 0
67 	 0
68 	 0
69 	 0
70 	 0
71 	 0
72 	 0
73 	 0
74 	 0
75 	 0
76 	 0
77 	 0
78 	 0
79 	 0
80 	 0
81 	 0
82 	 0
83 	 0
84 	 0
85 	 0
86 	 0
87 	 0
88 	 0
89 	 0
90 	 0
91 	 0
92 	 0
93 	 0
94 	 0
95 	 0
96 	 0
97 	 0
98 	 0
99 	 0
100 	 0
0 	 0
0 	 0
0 	 0
0 	 0
0 	 0
0 	 0
0 	 0
0 	 0
0 	 0
0 	 0
0 	 0
0 	 0
0 	 0
0 	 0
0 	 0
0 	 0
0 	 0
0 	 0
0 	 0
0 	 0
0 	 0
{{{{{{{{{{{{{{{{{{}}}}}}}}}}}}}}}}}}}}}}}{{{{{{{{{{{}}}}}}}}}}}
pa
b[len]->21
max -> 20 	 ind-> 0
21 	 20
22 	 17
23 	 12
24 	 15
25 	 10
26 	 18
27 	 14
28 	 19
29 	 9
30 	 6
31 	 13
32 	 2
33 	 5
34 	 7
35 	 8
36 	 3
37 	 1
38 	 11
39 	 16
40 	 21
41 	 0
42 	 0
43 	 0
44 	 0
45 	 0
46 	 0
47 	 0
48 	 0
49 	 0
50 	 0
51 	 0
52 	 0
53 	 0
54 	 0
55 	 0
56 	 0
57 	 0
58 	 0
59 	 0
60 	 0
61 	 0
62 	 0
63 	 0
64 	 0
65 	 0
66 	 0
67 	 0
68 	 0
69 	 0
70 	 0
71 	 0
72 	 0
73 	 0
74 	 0
75 	 0
76 	 0
77 	 0
78 	 0
79 	 0
80 	 0
81 	 0
82 	 0
83 	 0
84 	 0
85 	 0
86 	 0
87 	 0
88 	 0
89 	 0
90 	 0
91 	 0
92 	 0
93 	 0
94 	 0
95 	 0
96 	 0
97 	 0
98 	 0
99 	 0
100 	 0
0 	 0
0 	 0
0 	 0
0 	 0
0 	 0
0 	 0
0 	 0
0 	 0
0 	 0
0 	 0
0 	 0
0 	 0
0 	 0
0 	 0
0 	 0
0 	 0
0 	 0
0 	 0
0 	 0
0 	 0
{{{{{{{{{{{{{{{{{{}}}}}}}}}}}}}}}}}}}}}}}{{{{{{{{{{{}}}}}}}}}}}
pa
b[len]->21
max -> 19 	 ind-> 6
rb
b[len]->21
rb
b[len]->21
rb
b[len]->21
rb
b[len]->21
rb
b[len]->21
rb
b[len]->21
20 	 19
21 	 9
22 	 6
23 	 13
24 	 2
25 	 5
26 	 7
27 	 8
28 	 3
29 	 1
30 	 11
31 	 16
32 	 17
33 	 12
34 	 15
35 	 10
36 	 18
37 	 14
38 	 21
39 	 0
40 	 0
41 	 0
42 	 0
43 	 0
44 	 0
45 	 0
46 	 0
47 	 0
48 	 0
49 	 0
50 	 0
51 	 0
52 	 0
53 	 0
54 	 0
55 	 0
56 	 0
57 	 0
58 	 0
59 	 0
60 	 0
61 	 0
62 	 0
63 	 0
64 	 0
65 	 0
66 	 0
67 	 0
68 	 0
69 	 0
70 	 0
71 	 0
72 	 0
73 	 0
74 	 0
75 	 0
76 	 0
77 	 0
78 	 0
79 	 0
80 	 0
81 	 0
82 	 0
83 	 0
84 	 0
85 	 0
86 	 0
87 	 0
88 	 0
89 	 0
90 	 0
91 	 0
92 	 0
93 	 0
94 	 0
95 	 0
96 	 0
97 	 0
98 	 0
99 	 0
100 	 0
0 	 0
0 	 0
0 	 0
0 	 0
0 	 0
0 	 0
0 	 0
0 	 0
0 	 0
0 	 0
0 	 0
0 	 0
0 	 0
0 	 0
0 	 0
0 	 0
0 	 0
0 	 0
0 	 0
{{{{{{{{{{{{{{{{{{}}}}}}}}}}}}}}}}}}}}}}}{{{{{{{{{{{}}}}}}}}}}}
pa
b[len]->21
max -> 18 	 ind-> 15
rrb
b[len]->14
rrb
b[len]->18
19 	 18
20 	 14
21 	 9
22 	 6
23 	 13
24 	 2
25 	 5
26 	 7
27 	 8
28 	 3
29 	 1
30 	 11
31 	 16
32 	 17
33 	 12
34 	 15
35 	 10
36 	 18
37 	 0
38 	 0
39 	 0
40 	 0
41 	 0
42 	 0
43 	 0
44 	 0
45 	 0
46 	 0
47 	 0
48 	 0
49 	 0
50 	 0
51 	 0
52 	 0
53 	 0
54 	 0
55 	 0
56 	 0
57 	 0
58 	 0
59 	 0
60 	 0
61 	 0
62 	 0
63 	 0
64 	 0
65 	 0
66 	 0
67 	 0
68 	 0
69 	 0
70 	 0
71 	 0
72 	 0
73 	 0
74 	 0
75 	 0
76 	 0
77 	 0
78 	 0
79 	 0
80 	 0
81 	 0
82 	 0
83 	 0
84 	 0
85 	 0
86 	 0
87 	 0
88 	 0
89 	 0
90 	 0
91 	 0
92 	 0
93 	 0
94 	 0
95 	 0
96 	 0
97 	 0
98 	 0
99 	 0
100 	 0
0 	 0
0 	 0
0 	 0
0 	 0
0 	 0
0 	 0
0 	 0
0 	 0
0 	 0
0 	 0
0 	 0
0 	 0
0 	 0
0 	 0
0 	 0
0 	 0
0 	 0
0 	 0
{{{{{{{{{{{{{{{{{{}}}}}}}}}}}}}}}}}}}}}}}{{{{{{{{{{{}}}}}}}}}}}
pa
b[len]->18
max -> 17 	 ind-> 12
rrb
b[len]->10
rrb
b[len]->15
rrb
b[len]->12
rrb
b[len]->17
18 	 17
19 	 12
20 	 15
21 	 10
22 	 14
23 	 9
24 	 6
25 	 13
26 	 2
27 	 5
28 	 7
29 	 8
30 	 3
31 	 1
32 	 11
33 	 16
34 	 17
35 	 0
36 	 0
37 	 0
38 	 0
39 	 0
40 	 0
41 	 0
42 	 0
43 	 0
44 	 0
45 	 0
46 	 0
47 	 0
48 	 0
49 	 0
50 	 0
51 	 0
52 	 0
53 	 0
54 	 0
55 	 0
56 	 0
57 	 0
58 	 0
59 	 0
60 	 0
61 	 0
62 	 0
63 	 0
64 	 0
65 	 0
66 	 0
67 	 0
68 	 0
69 	 0
70 	 0
71 	 0
72 	 0
73 	 0
74 	 0
75 	 0
76 	 0
77 	 0
78 	 0
79 	 0
80 	 0
81 	 0
82 	 0
83 	 0
84 	 0
85 	 0
86 	 0
87 	 0
88 	 0
89 	 0
90 	 0
91 	 0
92 	 0
93 	 0
94 	 0
95 	 0
96 	 0
97 	 0
98 	 0
99 	 0
100 	 0
0 	 0
0 	 0
0 	 0
0 	 0
0 	 0
0 	 0
0 	 0
0 	 0
0 	 0
0 	 0
0 	 0
0 	 0
0 	 0
0 	 0
0 	 0
0 	 0
0 	 0
{{{{{{{{{{{{{{{{{{}}}}}}}}}}}}}}}}}}}}}}}{{{{{{{{{{{}}}}}}}}}}}
pa
b[len]->17
max -> 16 	 ind-> 14
rrb
b[len]->16
17 	 16
18 	 12
19 	 15
20 	 10
21 	 14
22 	 9
23 	 6
24 	 13
25 	 2
26 	 5
27 	 7
28 	 8
29 	 3
30 	 1
31 	 11
32 	 16
33 	 0
34 	 0
35 	 0
36 	 0
37 	 0
38 	 0
39 	 0
40 	 0
41 	 0
42 	 0
43 	 0
44 	 0
45 	 0
46 	 0
47 	 0
48 	 0
49 	 0
50 	 0
51 	 0
52 	 0
53 	 0
54 	 0
55 	 0
56 	 0
57 	 0
58 	 0
59 	 0
60 	 0
61 	 0
62 	 0
63 	 0
64 	 0
65 	 0
66 	 0
67 	 0
68 	 0
69 	 0
70 	 0
71 	 0
72 	 0
73 	 0
74 	 0
75 	 0
76 	 0
77 	 0
78 	 0
79 	 0
80 	 0
81 	 0
82 	 0
83 	 0
84 	 0
85 	 0
86 	 0
87 	 0
88 	 0
89 	 0
90 	 0
91 	 0
92 	 0
93 	 0
94 	 0
95 	 0
96 	 0
97 	 0
98 	 0
99 	 0
100 	 0
0 	 0
0 	 0
0 	 0
0 	 0
0 	 0
0 	 0
0 	 0
0 	 0
0 	 0
0 	 0
0 	 0
0 	 0
0 	 0
0 	 0
0 	 0
0 	 0
{{{{{{{{{{{{{{{{{{}}}}}}}}}}}}}}}}}}}}}}}{{{{{{{{{{{}}}}}}}}}}}
pa
b[len]->16
max -> 15 	 ind-> 1
rb
b[len]->16
16 	 15
17 	 10
18 	 14
19 	 9
20 	 6
21 	 13
22 	 2
23 	 5
24 	 7
25 	 8
26 	 3
27 	 1
28 	 11
29 	 12
30 	 16
31 	 0
32 	 0
33 	 0
34 	 0
35 	 0
36 	 0
37 	 0
38 	 0
39 	 0
40 	 0
41 	 0
42 	 0
43 	 0
44 	 0
45 	 0
46 	 0
47 	 0
48 	 0
49 	 0
50 	 0
51 	 0
52 	 0
53 	 0
54 	 0
55 	 0
56 	 0
57 	 0
58 	 0
59 	 0
60 	 0
61 	 0
62 	 0
63 	 0
64 	 0
65 	 0
66 	 0
67 	 0
68 	 0
69 	 0
70 	 0
71 	 0
72 	 0
73 	 0
74 	 0
75 	 0
76 	 0
77 	 0
78 	 0
79 	 0
80 	 0
81 	 0
82 	 0
83 	 0
84 	 0
85 	 0
86 	 0
87 	 0
88 	 0
89 	 0
90 	 0
91 	 0
92 	 0
93 	 0
94 	 0
95 	 0
96 	 0
97 	 0
98 	 0
99 	 0
100 	 0
0 	 0
0 	 0
0 	 0
0 	 0
0 	 0
0 	 0
0 	 0
0 	 0
0 	 0
0 	 0
0 	 0
0 	 0
0 	 0
0 	 0
0 	 0
{{{{{{{{{{{{{{{{{{}}}}}}}}}}}}}}}}}}}}}}}{{{{{{{{{{{}}}}}}}}}}}
pa
b[len]->16
max -> 14 	 ind-> 1
rb
b[len]->16
15 	 14
16 	 9
17 	 6
18 	 13
19 	 2
20 	 5
21 	 7
22 	 8
23 	 3
24 	 1
25 	 11
26 	 12
27 	 10
28 	 16
29 	 0
30 	 0
31 	 0
32 	 0
33 	 0
34 	 0
35 	 0
36 	 0
37 	 0
38 	 0
39 	 0
40 	 0
41 	 0
42 	 0
43 	 0
44 	 0
45 	 0
46 	 0
47 	 0
48 	 0
49 	 0
50 	 0
51 	 0
52 	 0
53 	 0
54 	 0
55 	 0
56 	 0
57 	 0
58 	 0
59 	 0
60 	 0
61 	 0
62 	 0
63 	 0
64 	 0
65 	 0
66 	 0
67 	 0
68 	 0
69 	 0
70 	 0
71 	 0
72 	 0
73 	 0
74 	 0
75 	 0
76 	 0
77 	 0
78 	 0
79 	 0
80 	 0
81 	 0
82 	 0
83 	 0
84 	 0
85 	 0
86 	 0
87 	 0
88 	 0
89 	 0
90 	 0
91 	 0
92 	 0
93 	 0
94 	 0
95 	 0
96 	 0
97 	 0
98 	 0
99 	 0
100 	 0
0 	 0
0 	 0
0 	 0
0 	 0
0 	 0
0 	 0
0 	 0
0 	 0
0 	 0
0 	 0
0 	 0
0 	 0
0 	 0
0 	 0
{{{{{{{{{{{{{{{{{{}}}}}}}}}}}}}}}}}}}}}}}{{{{{{{{{{{}}}}}}}}}}}
pa
b[len]->16
max -> 13 	 ind-> 2
rb
b[len]->16
rb
b[len]->16
14 	 13
15 	 2
16 	 5
17 	 7
18 	 8
19 	 3
20 	 1
21 	 11
22 	 12
23 	 10
24 	 9
25 	 6
26 	 16
27 	 0
28 	 0
29 	 0
30 	 0
31 	 0
32 	 0
33 	 0
34 	 0
35 	 0
36 	 0
37 	 0
38 	 0
39 	 0
40 	 0
41 	 0
42 	 0
43 	 0
44 	 0
45 	 0
46 	 0
47 	 0
48 	 0
49 	 0
50 	 0
51 	 0
52 	 0
53 	 0
54 	 0
55 	 0
56 	 0
57 	 0
58 	 0
59 	 0
60 	 0
61 	 0
62 	 0
63 	 0
64 	 0
65 	 0
66 	 0
67 	 0
68 	 0
69 	 0
70 	 0
71 	 0
72 	 0
73 	 0
74 	 0
75 	 0
76 	 0
77 	 0
78 	 0
79 	 0
80 	 0
81 	 0
82 	 0
83 	 0
84 	 0
85 	 0
86 	 0
87 	 0
88 	 0
89 	 0
90 	 0
91 	 0
92 	 0
93 	 0
94 	 0
95 	 0
96 	 0
97 	 0
98 	 0
99 	 0
100 	 0
0 	 0
0 	 0
0 	 0
0 	 0
0 	 0
0 	 0
0 	 0
0 	 0
0 	 0
0 	 0
0 	 0
0 	 0
0 	 0
{{{{{{{{{{{{{{{{{{}}}}}}}}}}}}}}}}}}}}}}}{{{{{{{{{{{}}}}}}}}}}}
pa
b[len]->16
max -> 12 	 ind-> 7
rrb
b[len]->6
rrb
b[len]->9
rrb
b[len]->10
rrb
b[len]->12
13 	 12
14 	 10
15 	 9
16 	 6
17 	 2
18 	 5
19 	 7
20 	 8
21 	 3
22 	 1
23 	 11
24 	 12
25 	 0
26 	 0
27 	 0
28 	 0
29 	 0
30 	 0
31 	 0
32 	 0
33 	 0
34 	 0
35 	 0
36 	 0
37 	 0
38 	 0
39 	 0
40 	 0
41 	 0
42 	 0
43 	 0
44 	 0
45 	 0
46 	 0
47 	 0
48 	 0
49 	 0
50 	 0
51 	 0
52 	 0
53 	 0
54 	 0
55 	 0
56 	 0
57 	 0
58 	 0
59 	 0
60 	 0
61 	 0
62 	 0
63 	 0
64 	 0
65 	 0
66 	 0
67 	 0
68 	 0
69 	 0
70 	 0
71 	 0
72 	 0
73 	 0
74 	 0
75 	 0
76 	 0
77 	 0
78 	 0
79 	 0
80 	 0
81 	 0
82 	 0
83 	 0
84 	 0
85 	 0
86 	 0
87 	 0
88 	 0
89 	 0
90 	 0
91 	 0
92 	 0
93 	 0
94 	 0
95 	 0
96 	 0
97 	 0
98 	 0
99 	 0
100 	 0
0 	 0
0 	 0
0 	 0
0 	 0
0 	 0
0 	 0
0 	 0
0 	 0
0 	 0
0 	 0
0 	 0
0 	 0
{{{{{{{{{{{{{{{{{{}}}}}}}}}}}}}}}}}}}}}}}{{{{{{{{{{{}}}}}}}}}}}
pa
b[len]->12
max -> 11 	 ind-> 9
rrb
b[len]->11
12 	 11
13 	 10
14 	 9
15 	 6
16 	 2
17 	 5
18 	 7
19 	 8
20 	 3
21 	 1
22 	 11
23 	 0
24 	 0
25 	 0
26 	 0
27 	 0
28 	 0
29 	 0
30 	 0
31 	 0
32 	 0
33 	 0
34 	 0
35 	 0
36 	 0
37 	 0
38 	 0
39 	 0
40 	 0
41 	 0
42 	 0
43 	 0
44 	 0
45 	 0
46 	 0
47 	 0
48 	 0
49 	 0
50 	 0
51 	 0
52 	 0
53 	 0
54 	 0
55 	 0
56 	 0
57 	 0
58 	 0
59 	 0
60 	 0
61 	 0
62 	 0
63 	 0
64 	 0
65 	 0
66 	 0
67 	 0
68 	 0
69 	 0
70 	 0
71 	 0
72 	 0
73 	 0
74 	 0
75 	 0
76 	 0
77 	 0
78 	 0
79 	 0
80 	 0
81 	 0
82 	 0
83 	 0
84 	 0
85 	 0
86 	 0
87 	 0
88 	 0
89 	 0
90 	 0
91 	 0
92 	 0
93 	 0
94 	 0
95 	 0
96 	 0
97 	 0
98 	 0
99 	 0
100 	 0
0 	 0
0 	 0
0 	 0
0 	 0
0 	 0
0 	 0
0 	 0
0 	 0
0 	 0
0 	 0
0 	 0
{{{{{{{{{{{{{{{{{{}}}}}}}}}}}}}}}}}}}}}}}{{{{{{{{{{{}}}}}}}}}}}
pa
b[len]->11
max -> 10 	 ind-> 0
11 	 10
12 	 9
13 	 6
14 	 2
15 	 5
16 	 7
17 	 8
18 	 3
19 	 1
20 	 11
21 	 0
22 	 0
23 	 0
24 	 0
25 	 0
26 	 0
27 	 0
28 	 0
29 	 0
30 	 0
31 	 0
32 	 0
33 	 0
34 	 0
35 	 0
36 	 0
37 	 0
38 	 0
39 	 0
40 	 0
41 	 0
42 	 0
43 	 0
44 	 0
45 	 0
46 	 0
47 	 0
48 	 0
49 	 0
50 	 0
51 	 0
52 	 0
53 	 0
54 	 0
55 	 0
56 	 0
57 	 0
58 	 0
59 	 0
60 	 0
61 	 0
62 	 0
63 	 0
64 	 0
65 	 0
66 	 0
67 	 0
68 	 0
69 	 0
70 	 0
71 	 0
72 	 0
73 	 0
74 	 0
75 	 0
76 	 0
77 	 0
78 	 0
79 	 0
80 	 0
81 	 0
82 	 0
83 	 0
84 	 0
85 	 0
86 	 0
87 	 0
88 	 0
89 	 0
90 	 0
91 	 0
92 	 0
93 	 0
94 	 0
95 	 0
96 	 0
97 	 0
98 	 0
99 	 0
100 	 0
0 	 0
0 	 0
0 	 0
0 	 0
0 	 0
0 	 0
0 	 0
0 	 0
0 	 0
0 	 0
{{{{{{{{{{{{{{{{{{}}}}}}}}}}}}}}}}}}}}}}}{{{{{{{{{{{}}}}}}}}}}}
pa
b[len]->11
max -> 9 	 ind-> 0
10 	 9
11 	 6
12 	 2
13 	 5
14 	 7
15 	 8
16 	 3
17 	 1
18 	 11
19 	 0
20 	 0
21 	 0
22 	 0
23 	 0
24 	 0
25 	 0
26 	 0
27 	 0
28 	 0
29 	 0
30 	 0
31 	 0
32 	 0
33 	 0
34 	 0
35 	 0
36 	 0
37 	 0
38 	 0
39 	 0
40 	 0
41 	 0
42 	 0
43 	 0
44 	 0
45 	 0
46 	 0
47 	 0
48 	 0
49 	 0
50 	 0
51 	 0
52 	 0
53 	 0
54 	 0
55 	 0
56 	 0
57 	 0
58 	 0
59 	 0
60 	 0
61 	 0
62 	 0
63 	 0
64 	 0
65 	 0
66 	 0
67 	 0
68 	 0
69 	 0
70 	 0
71 	 0
72 	 0
73 	 0
74 	 0
75 	 0
76 	 0
77 	 0
78 	 0
79 	 0
80 	 0
81 	 0
82 	 0
83 	 0
84 	 0
85 	 0
86 	 0
87 	 0
88 	 0
89 	 0
90 	 0
91 	 0
92 	 0
93 	 0
94 	 0
95 	 0
96 	 0
97 	 0
98 	 0
99 	 0
100 	 0
0 	 0
0 	 0
0 	 0
0 	 0
0 	 0
0 	 0
0 	 0
0 	 0
0 	 0
{{{{{{{{{{{{{{{{{{}}}}}}}}}}}}}}}}}}}}}}}{{{{{{{{{{{}}}}}}}}}}}
pa
b[len]->11
max -> 8 	 ind-> 4
rrb
b[len]->1
rrb
b[len]->3
rrb
b[len]->8
9 	 8
10 	 3
11 	 1
12 	 6
13 	 2
14 	 5
15 	 7
16 	 8
17 	 0
18 	 0
19 	 0
20 	 0
21 	 0
22 	 0
23 	 0
24 	 0
25 	 0
26 	 0
27 	 0
28 	 0
29 	 0
30 	 0
31 	 0
32 	 0
33 	 0
34 	 0
35 	 0
36 	 0
37 	 0
38 	 0
39 	 0
40 	 0
41 	 0
42 	 0
43 	 0
44 	 0
45 	 0
46 	 0
47 	 0
48 	 0
49 	 0
50 	 0
51 	 0
52 	 0
53 	 0
54 	 0
55 	 0
56 	 0
57 	 0
58 	 0
59 	 0
60 	 0
61 	 0
62 	 0
63 	 0
64 	 0
65 	 0
66 	 0
67 	 0
68 	 0
69 	 0
70 	 0
71 	 0
72 	 0
73 	 0
74 	 0
75 	 0
76 	 0
77 	 0
78 	 0
79 	 0
80 	 0
81 	 0
82 	 0
83 	 0
84 	 0
85 	 0
86 	 0
87 	 0
88 	 0
89 	 0
90 	 0
91 	 0
92 	 0
93 	 0
94 	 0
95 	 0
96 	 0
97 	 0
98 	 0
99 	 0
100 	 0
0 	 0
0 	 0
0 	 0
0 	 0
0 	 0
0 	 0
0 	 0
0 	 0
{{{{{{{{{{{{{{{{{{}}}}}}}}}}}}}}}}}}}}}}}{{{{{{{{{{{}}}}}}}}}}}
pa
b[len]->8
max -> 7 	 ind-> 5
rrb
b[len]->7
8 	 7
9 	 3
10 	 1
11 	 6
12 	 2
13 	 5
14 	 7
15 	 0
16 	 0
17 	 0
18 	 0
19 	 0
20 	 0
21 	 0
22 	 0
23 	 0
24 	 0
25 	 0
26 	 0
27 	 0
28 	 0
29 	 0
30 	 0
31 	 0
32 	 0
33 	 0
34 	 0
35 	 0
36 	 0
37 	 0
38 	 0
39 	 0
40 	 0
41 	 0
42 	 0
43 	 0
44 	 0
45 	 0
46 	 0
47 	 0
48 	 0
49 	 0
50 	 0
51 	 0
52 	 0
53 	 0
54 	 0
55 	 0
56 	 0
57 	 0
58 	 0
59 	 0
60 	 0
61 	 0
62 	 0
63 	 0
64 	 0
65 	 0
66 	 0
67 	 0
68 	 0
69 	 0
70 	 0
71 	 0
72 	 0
73 	 0
74 	 0
75 	 0
76 	 0
77 	 0
78 	 0
79 	 0
80 	 0
81 	 0
82 	 0
83 	 0
84 	 0
85 	 0
86 	 0
87 	 0
88 	 0
89 	 0
90 	 0
91 	 0
92 	 0
93 	 0
94 	 0
95 	 0
96 	 0
97 	 0
98 	 0
99 	 0
100 	 0
0 	 0
0 	 0
0 	 0
0 	 0
0 	 0
0 	 0
0 	 0
{{{{{{{{{{{{{{{{{{}}}}}}}}}}}}}}}}}}}}}}}{{{{{{{{{{{}}}}}}}}}}}
pa
b[len]->7
max -> 6 	 ind-> 2
rrb
b[len]->5
rrb
b[len]->2
rrb
b[len]->6
7 	 6
8 	 2
9 	 5
10 	 3
11 	 1
12 	 6
13 	 0
14 	 0
15 	 0
16 	 0
17 	 0
18 	 0
19 	 0
20 	 0
21 	 0
22 	 0
23 	 0
24 	 0
25 	 0
26 	 0
27 	 0
28 	 0
29 	 0
30 	 0
31 	 0
32 	 0
33 	 0
34 	 0
35 	 0
36 	 0
37 	 0
38 	 0
39 	 0
40 	 0
41 	 0
42 	 0
43 	 0
44 	 0
45 	 0
46 	 0
47 	 0
48 	 0
49 	 0
50 	 0
51 	 0
52 	 0
53 	 0
54 	 0
55 	 0
56 	 0
57 	 0
58 	 0
59 	 0
60 	 0
61 	 0
62 	 0
63 	 0
64 	 0
65 	 0
66 	 0
67 	 0
68 	 0
69 	 0
70 	 0
71 	 0
72 	 0
73 	 0
74 	 0
75 	 0
76 	 0
77 	 0
78 	 0
79 	 0
80 	 0
81 	 0
82 	 0
83 	 0
84 	 0
85 	 0
86 	 0
87 	 0
88 	 0
89 	 0
90 	 0
91 	 0
92 	 0
93 	 0
94 	 0
95 	 0
96 	 0
97 	 0
98 	 0
99 	 0
100 	 0
0 	 0
0 	 0
0 	 0
0 	 0
0 	 0
0 	 0
{{{{{{{{{{{{{{{{{{}}}}}}}}}}}}}}}}}}}}}}}{{{{{{{{{{{}}}}}}}}}}}
pa
b[len]->6
max -> 5 	 ind-> 1
rb
b[len]->6
6 	 5
7 	 3
8 	 1
9 	 2
10 	 6
11 	 0
12 	 0
13 	 0
14 	 0
15 	 0
16 	 0
17 	 0
18 	 0
19 	 0
20 	 0
21 	 0
22 	 0
23 	 0
24 	 0
25 	 0
26 	 0
27 	 0
28 	 0
29 	 0
30 	 0
31 	 0
32 	 0
33 	 0
34 	 0
35 	 0
36 	 0
37 	 0
38 	 0
39 	 0
40 	 0
41 	 0
42 	 0
43 	 0
44 	 0
45 	 0
46 	 0
47 	 0
48 	 0
49 	 0
50 	 0
51 	 0
52 	 0
53 	 0
54 	 0
55 	 0
56 	 0
57 	 0
58 	 0
59 	 0
60 	 0
61 	 0
62 	 0
63 	 0
64 	 0
65 	 0
66 	 0
67 	 0
68 	 0
69 	 0
70 	 0
71 	 0
72 	 0
73 	 0
74 	 0
75 	 0
76 	 0
77 	 0
78 	 0
79 	 0
80 	 0
81 	 0
82 	 0
83 	 0
84 	 0
85 	 0
86 	 0
87 	 0
88 	 0
89 	 0
90 	 0
91 	 0
92 	 0
93 	 0
94 	 0
95 	 0
96 	 0
97 	 0
98 	 0
99 	 0
100 	 0
0 	 0
0 	 0
0 	 0
0 	 0
0 	 0
{{{{{{{{{{{{{{{{{{}}}}}}}}}}}}}}}}}}}}}}}{{{{{{{{{{{}}}}}}}}}}}
pa
b[len]->6
max -> 3 	 ind-> 0
5 	 3
6 	 1
7 	 2
8 	 6
9 	 0
10 	 0
11 	 0
12 	 0
13 	 0
14 	 0
15 	 0
16 	 0
17 	 0
18 	 0
19 	 0
20 	 0
21 	 0
22 	 0
23 	 0
24 	 0
25 	 0
26 	 0
27 	 0
28 	 0
29 	 0
30 	 0
31 	 0
32 	 0
33 	 0
34 	 0
35 	 0
36 	 0
37 	 0
38 	 0
39 	 0
40 	 0
41 	 0
42 	 0
43 	 0
44 	 0
45 	 0
46 	 0
47 	 0
48 	 0
49 	 0
50 	 0
51 	 0
52 	 0
53 	 0
54 	 0
55 	 0
56 	 0
57 	 0
58 	 0
59 	 0
60 	 0
61 	 0
62 	 0
63 	 0
64 	 0
65 	 0
66 	 0
67 	 0
68 	 0
69 	 0
70 	 0
71 	 0
72 	 0
73 	 0
74 	 0
75 	 0
76 	 0
77 	 0
78 	 0
79 	 0
80 	 0
81 	 0
82 	 0
83 	 0
84 	 0
85 	 0
86 	 0
87 	 0
88 	 0
89 	 0
90 	 0
91 	 0
92 	 0
93 	 0
94 	 0
95 	 0
96 	 0
97 	 0
98 	 0
99 	 0
100 	 0
0 	 0
0 	 0
0 	 0
0 	 0
{{{{{{{{{{{{{{{{{{}}}}}}}}}}}}}}}}}}}}}}}{{{{{{{{{{{}}}}}}}}}}}
pa
b[len]->6
max -> 2 	 ind-> 1
rrb
b[len]->2
3 	 2
5 	 1
6 	 2
7 	 0
8 	 0
9 	 0
10 	 0
11 	 0
12 	 0
13 	 0
14 	 0
15 	 0
16 	 0
17 	 0
18 	 0
19 	 0
20 	 0
21 	 0
22 	 0
23 	 0
24 	 0
25 	 0
26 	 0
27 	 0
28 	 0
29 	 0
30 	 0
31 	 0
32 	 0
33 	 0
34 	 0
35 	 0
36 	 0
37 	 0
38 	 0
39 	 0
40 	 0
41 	 0
42 	 0
43 	 0
44 	 0
45 	 0
46 	 0
47 	 0
48 	 0
49 	 0
50 	 0
51 	 0
52 	 0
53 	 0
54 	 0
55 	 0
56 	 0
57 	 0
58 	 0
59 	 0
60 	 0
61 	 0
62 	 0
63 	 0
64 	 0
65 	 0
66 	 0
67 	 0
68 	 0
69 	 0
70 	 0
71 	 0
72 	 0
73 	 0
74 	 0
75 	 0
76 	 0
77 	 0
78 	 0
79 	 0
80 	 0
81 	 0
82 	 0
83 	 0
84 	 0
85 	 0
86 	 0
87 	 0
88 	 0
89 	 0
90 	 0
91 	 0
92 	 0
93 	 0
94 	 0
95 	 0
96 	 0
97 	 0
98 	 0
99 	 0
100 	 0
0 	 0
0 	 0
0 	 0
{{{{{{{{{{{{{{{{{{}}}}}}}}}}}}}}}}}}}}}}}{{{{{{{{{{{}}}}}}}}}}}
pa
b[len]->2
max -> 1 	 ind-> 0
2 	 1
3 	 2
5 	 0
6 	 0
7 	 0
8 	 0
9 	 0
10 	 0
11 	 0
12 	 0
13 	 0
14 	 0
15 	 0
16 	 0
17 	 0
18 	 0
19 	 0
20 	 0
21 	 0
22 	 0
23 	 0
24 	 0
25 	 0
26 	 0
27 	 0
28 	 0
29 	 0
30 	 0
31 	 0
32 	 0
33 	 0
34 	 0
35 	 0
36 	 0
37 	 0
38 	 0
39 	 0
40 	 0
41 	 0
42 	 0
43 	 0
44 	 0
45 	 0
46 	 0
47 	 0
48 	 0
49 	 0
50 	 0
51 	 0
52 	 0
53 	 0
54 	 0
55 	 0
56 	 0
57 	 0
58 	 0
59 	 0
60 	 0
61 	 0
62 	 0
63 	 0
64 	 0
65 	 0
66 	 0
67 	 0
68 	 0
69 	 0
70 	 0
71 	 0
72 	 0
73 	 0
74 	 0
75 	 0
76 	 0
77 	 0
78 	 0
79 	 0
80 	 0
81 	 0
82 	 0
83 	 0
84 	 0
85 	 0
86 	 0
87 	 0
88 	 0
89 	 0
90 	 0
91 	 0
92 	 0
93 	 0
94 	 0
95 	 0
96 	 0
97 	 0
98 	 0
99 	 0
100 	 0
0 	 0
0 	 0
{{{{{{{{{{{{{{{{{{}}}}}}}}}}}}}}}}}}}}}}}{{{{{{{{{{{}}}}}}}}}}}
pa
b[len]->2
max -> 2 	 ind-> 0
1 	 2
2 	 0
3 	 0
5 	 0
6 	 0
7 	 0
8 	 0
9 	 0
10 	 0
11 	 0
12 	 0
13 	 0
14 	 0
15 	 0
16 	 0
17 	 0
18 	 0
19 	 0
20 	 0
21 	 0
22 	 0
23 	 0
24 	 0
25 	 0
26 	 0
27 	 0
28 	 0
29 	 0
30 	 0
31 	 0
32 	 0
33 	 0
34 	 0
35 	 0
36 	 0
37 	 0
38 	 0
39 	 0
40 	 0
41 	 0
42 	 0
43 	 0
44 	 0
45 	 0
46 	 0
47 	 0
48 	 0
49 	 0
50 	 0
51 	 0
52 	 0
53 	 0
54 	 0
55 	 0
56 	 0
57 	 0
58 	 0
59 	 0
60 	 0
61 	 0
62 	 0
63 	 0
64 	 0
65 	 0
66 	 0
67 	 0
68 	 0
69 	 0
70 	 0
71 	 0
72 	 0
73 	 0
74 	 0
75 	 0
76 	 0
77 	 0
78 	 0
79 	 0
80 	 0
81 	 0
82 	 0
83 	 0
84 	 0
85 	 0
86 	 0
87 	 0
88 	 0
89 	 0
90 	 0
91 	 0
92 	 0
93 	 0
94 	 0
95 	 0
96 	 0
97 	 0
98 	 0
99 	 0
100 	 0
0 	 0
{{{{{{{{{{{{{{{{{{}}}}}}}}}}}}}}}}}}}}}}}{{{{{{{{{{{}}}}}}}}}}}
pa
2 	 0
1 	 0
2 	 0
3 	 0
5 	 0
6 	 0
7 	 0
8 	 0
9 	 0
10 	 0
11 	 0
12 	 0
13 	 0
14 	 0
15 	 0
16 	 0
17 	 0
18 	 0
19 	 0
20 	 0
21 	 0
22 	 0
23 	 0
24 	 0
25 	 0
26 	 0
27 	 0
28 	 0
29 	 0
30 	 0
31 	 0
32 	 0
33 	 0
34 	 0
35 	 0
36 	 0
37 	 0
38 	 0
39 	 0
40 	 0
41 	 0
42 	 0
43 	 0
44 	 0
45 	 0
46 	 0
47 	 0
48 	 0
49 	 0
50 	 0
51 	 0
52 	 0
53 	 0
54 	 0
55 	 0
56 	 0
57 	 0
58 	 0
59 	 0
60 	 0
61 	 0
62 	 0
63 	 0
64 	 0
65 	 0
66 	 0
67 	 0
68 	 0
69 	 0
70 	 0
71 	 0
72 	 0
73 	 0
74 	 0
75 	 0
76 	 0
77 	 0
78 	 0
79 	 0
80 	 0
81 	 0
82 	 0
83 	 0
84 	 0
85 	 0
86 	 0
87 	 0
88 	 0
89 	 0
90 	 0
91 	 0
92 	 0
93 	 0
94 	 0
95 	 0
96 	 0
97 	 0
98 	 0
99 	 0
100 	 0
